4030
-7667 1735 -3257 9321
-4492 2520 -1382 6702
4600 -2101 6931 4679
-5257 2041 -2803 9584
-5052 1641 4970 6535
-9747 -9565 -9109 9131
-2103 -4714 -1519 5516
-7683 3931 -6109 8606
-3237 4426 777 6789
199 -3406 912 9094
-2771 362 7096 5299
-5367 -7211 -55 7352
-4601 -8907 -2407 -8308
-1381 -110 7669 9236
1305 -3146 8611 8754
-8496 -7290 1312 8862
-9103 -8706 3109 2006
-3885 -9937 5512 -5815
-3340 -9580 3373 4669
-8999 -6119 -6732 -465
-3179 -1707 8683 -1295
-8416 -8698 7869 3836
-425 -196 4295 6393
-2291 -4880 3360 -4212
-1943 -8295 -1102 -212
2265 -2839 5435 8233
-3806 -1631 7436 2545
-3919 -2079 2945 -1582
2678 2487 7791 4898
3646 -6684 8937 604
-7741 -4417 -4205 -4007
5069 -813 6764 8741
-9691 -9281 3684 -496
-6471 818 -5384 4009
-7877 -661 -931 3196
-6715 -1787 7151 6786
-1128 -5169 7724 1785
-3902 3175 -903 5998
-6158 -6250 -1848 -4058
-4381 -4597 2766 5345
-9924 -7382 -6938 4200
-9329 -8261 6931 -2602
7310 -2157 9673 823
223 9281 7580 9433
3434 -8981 5558 5136
2373 -5039 8764 4482
-6955 776 -2285 1692
4110 1075 5301 2414
-2527 -9780 5769 -6175
-5971 -9154 4586 -2612
-2121 -9626 6141 541
-9829 -4705 -3810 6461
-4066 -9381 131 -1827
-847 -8873 27 -7058
-7945 -9266 6002 -8149
-5791 -6623 -843 -311
271 7796 4218 8534
-3883 -9930 -2905 544
-8796 -3651 -215 1590
4134 -8579 9240 1997
-5567 -2070 4897 5403
-1525 3024 8360 5163
-6489 -8700 -5834 3227
4116 9963 4405 9971
-9154 -2627 -3658 8875
-8643 -915 5440 -871
-2778 -1102 3695 -573
-9420 -3545 -6383 -3086
-7820 -8223 -1084 7224
-6543 -9979 -1074 -2340
-9937 233 8952 8154
1297 -3679 9616 -3230
-5104 -5868 7964 1535
-1858 365 6160 1242
-9251 -2435 -9134 2144
-4068 -8406 -1881 8037
-6494 -6998 -1673 -6775
-5264 -1876 -839 2837
-9932 614 -1221 8803
-9509 -9793 -8802 3758
-2475 -9777 990 -8627
4013 -5121 8656 8415
-3916 7342 2205 8828
-403 6746 -361 9130
5729 -8371 7528 1442
2177 -6523 6064 4244
-7569 -7855 1945 -7747
-6997 -1409 2547 195
-3890 -7774 227 7548
874 -2336 930 -852
-9031 3586 -7562 8117
4364 1378 7654 2515
-2480 -7058 -1662 6908
-2955 -8678 4684 7385
-5952 -6045 -2266 2202
-7899 4702 -1926 8816
2072 -2312 5909 -2298
-8148 560 -2669 2080
-7647 -8642 -635 -3180
-5441 -8924 -3977 7574
-3871 4703 6154 5159
-4390 -2516 62 219
-9974 6814 9436 9464
-7816 1658 7265 8448
-9860 -9799 3942 -9342
5939 -1643 9538 6897
-5746 -6353 6489 6100
644 -6133 6540 1594
-4731 -9666 -4527 6101
-9623 577 -6536 8393
6774 -9529 7307 -7793
-8779 -6434 -3242 7373
-4325 -2451 -4065 6715
-3453 -7054 256 -707
-8622 1074 -6840 8539
-1071 -5813 -327 -4958
3842 -3177 8414 9618
-8919 -3764 4740 6406
-5566 -7061 8267 9212
-8413 -8433 -5085 7164
-3081 4905 7407 6587
-8583 1460 8221 4889
-9762 -5855 1865 361
-2242 1748 2970 6290
-7341 -8426 -1099 4695
-7850 -7464 3934 -6225
-6613 -2367 -2003 2061
5360 -8134 7036 -948
5921 -7783 8376 3586
515 -8928 1869 -1209
-5268 -4717 9293 -2744
-6291 -914 -619 7574
-2639 -8510 -2196 3292
-601 -9099 6507 6081
-1282 -9742 6239 7989
-3606 -5949 6464 6543
-959 849 7281 1483
7756 -6386 8488 -5952
-1799 -8109 2554 -6691
4130 -3056 7672 7239
-3379 6925 7347 7327
8357 -5512 8609 3269
-4413 4824 9465 8459
-309 5440 309 9396
8342 -2332 9708 3094
-6884 -5549 7977 3471
2402 -2821 7042 7192
-6856 -6554 4942 4740
-8630 -8623 4448 -6745
-6909 -2639 9170 4016
-1476 -3650 3162 -2405
-1777 -2750 3361 6986
8507 -5829 8766 -4090
-1745 -1843 4450 6893
8285 -8446 9139 -7959
-5505 1690 2680 9970
-4594 5266 8838 9937
-7625 -6014 2866 -5437
-9290 -4772 -7083 6478
-2941 -4738 5054 6396
-7445 -9092 420 -1091
-9588 -1529 -3105 9095
-1305 -9870 81 6782
2142 -6331 3408 -5024
3544 -8154 8142 -4842
-3490 -6743 6766 5340
-4717 2627 9903 8283
-156 -2257 2843 -1430
-5785 196 -1281 6969
-4199 -4301 249 -2610
-6614 963 414 6053
1729 -5203 9450 108
-5947 -7485 -590 -33
1752 7755 6488 8588
-3954 -2960 -2965 8692
-6313 -4751 443 407
-1884 -1891 3922 942
7689 1288 7960 4138
-7962 -3625 -4404 -3415
-4687 -7878 -2805 5485
-6277 -6278 26 2997
4751 7929 7393 9665
1292 -5655 6581 8237
-9315 1399 -7063 2863
-8136 -8392 394 3744
-9799 -4523 327 3048
2100 4673 8970 5077
-981 -7522 4095 -983
-2618 1446 1968 7782
-6056 -8252 -2334 -2703
-7601 -7894 -840 9347
-7899 -20 -7256 5265
-251 -7247 1092 7727
-7039 -62 1957 3111
1343 1604 1519 4202
-6122 -8013 6813 5463
324 -1101 458 3846
-6990 -7230 -1334 -256
4522 -8954 7998 2181
599 1701 2898 2554
-7147 3078 -4204 4285
-4759 -2519 6885 -25
-4963 -3577 9711 -3376
-1867 7728 6322 8766
-5127 -2605 8647 5524
-6094 -9993 -6046 3476
-1737 -936 3289 48
-965 -6457 9417 -1604
1160 -6971 8207 7410
-1164 -8280 3014 8058
3934 3200 6273 5976
-268 -6952 -7 5942
-4319 -2061 6795 -1103
-7181 -9039 330 1202
-8623 -2985 8912 -563
1905 -3618 7924 6976
483 -2614 7994 -304
3198 4418 7805 7142
3195 1420 5802 3723
1966 -1059 4465 4875
-7364 -893 -4275 920
-7750 264 -2198 9248
-3880 -6211 5797 -2739
-6049 6305 -3803 9004
-3828 -3501 3818 -2211
2877 -1213 8059 8764
-8910 -2237 2853 8219
7114 -682 9857 5997
6071 -8751 6080 608
1334 -2647 4168 -2351
8648 -6375 9147 304
-8505 -402 1926 4354
-2032 -2433 9793 5260
-9043 -8116 450 -4801
6378 -3605 7772 -618
2161 -429 5718 3343
-7153 -757 3855 5653
-7008 -1030 9114 8308
-7826 -6471 1304 -1694
-4458 -5273 5943 6743
3537 -2288 5839 2396
-7421 3247 -4630 4559
-2258 -7138 1933 -6670
-9407 -6864 3498 -1955
-3616 2497 409 3313
-6336 4812 -4917 9974
-4762 619 87 6006
-9225 -6408 -1131 1364
8031 -1602 8467 2151
-9858 99 2834 9195
-1779 -9132 9168 2722
-8885 236 -3672 1868
1234 -9340 7692 -3900
-4063 -8702 4334 2218
-8484 -4117 -2406 5032
-2049 -1702 4809 1144
-2704 -6269 -2504 9925
-773 582 9777 9371
-4376 1565 6953 7401
-6552 -9502 -4455 1720
-9627 1052 -4171 2109
-4503 3254 -1549 9027
2435 -7008 8964 4609
-9527 4961 4487 9938
1699 2970 8732 7359
-203 3572 2386 7474
-8126 -5337 1449 458
-6592 -5181 4625 6927
-4653 -4215 1968 -4031
523 1289 6441 3545
-7970 -9883 -7519 9810
-7735 2821 7650 3435
-3243 793 5831 7407
-7652 2309 2618 7154
-5178 -7739 -341 1746
2460 4596 9257 6764
6626 3324 9762 8725
-5447 -2545 8840 -681
-8616 -5869 -2097 1974
-9611 -8550 -7086 3193
-5904 -1993 664 3128
2021 -6766 2950 2273
6017 -7900 9782 9831
-5220 -9669 3352 2007
-1209 3756 8050 6782
-8686 5271 5342 6165
6305 -6828 7591 3846
-5698 4435 6702 6503
-9901 -8376 -4798 5071
1901 -324 6309 2002
-9161 -8607 323 1544
-9263 1149 7031 1548
-4731 -9395 6094 511
4140 6834 8432 9507
-9276 -1828 5009 8713
-6984 -8230 5413 8594
-5170 -4219 8731 6840
-1925 2842 6734 7566
1353 -8779 7430 -2272
-3601 5282 -3074 6918
-5052 -7667 721 -2267
-3208 -8121 2815 -3432
-9358 -5167 -1338 -618
-8700 -1227 6449 5620
4997 -7004 8262 5412
-6235 -9252 2631 512
-5662 947 2725 7861
-9898 -2688 -8325 -920
-3578 -9945 4447 341
7003 4915 8898 5552
7683 -7758 8978 9939
1693 -1722 4403 -1561
-6171 -9307 -219 5613
2765 -884 2892 -851
-5155 2144 9446 6529
3409 4885 9369 6483
-8498 -3628 4870 2585
-5157 -9354 -3543 -3463
-7530 3400 83 6282
-4696 -5583 8594 8559
-2175 -8152 5534 2442
183 -2119 1964 -104
-4504 -4976 7674 7476
-9627 -8552 5305 -8368
-1992 -1581 5137 3543
-4658 5685 7019 7546
-9617 -5285 -4514 -1748
-8763 4441 -8456 9107
-5900 -6588 -2860 6950
-7990 -3878 -19 8835
-9109 -5776 604 -3977
-4855 -9191 -2234 3120
-6348 -8429 4849 3201
3812 -1191 9422 9255
-9005 -978 3335 7906
-7567 -7840 5927 -5755
-3748 -8868 313 -757
6991 -1249 8480 -8
4259 -4927 9411 -2203
-9323 5845 9443 7602
-7424 -5425 3853 1956
-9569 5584 8073 9052
-7750 -804 1247 3272
-7363 1324 7637 5344
-9550 -3556 -3850 5883
-5600 -4328 9583 8684
-6143 -614 -1764 -449
4754 -6991 9347 -1657
-3323 2205 7270 6888
-9080 -2860 -3412 6369
3957 4299 5634 9553
-3750 -3245 9678 8933
-8979 -5419 4968 -4549
-595 -876 6170 4557
-1393 5875 8284 6050
-3597 -6744 2172 2850
-9722 -6675 7521 4373
-9838 3630 3371 8050
-4258 -7865 3036 -2187
-3590 -7727 1903 4272
-1874 2820 9102 2890
-8490 -700 3579 4017
9515 2987 9932 4027
-9704 -7368 -8139 2891
-5084 -911 690 1931
-6208 -9492 4701 -8899
-9798 -4918 6542 1541
-6972 -3869 1429 -1501
-3830 2261 3550 4048
-2915 5172 3655 8036
3052 -2478 8834 618
-2193 -127 1002 5853
-6826 -1385 -5066 721
3688 8102 9221 8663
2475 2525 8148 8591
-2488 -9881 8758 4698
1449 -4676 5672 -1080
-5521 -1131 882 1198
-4099 2976 -2632 8471
-439 -1493 3106 -1459
3910 -7151 9641 6535
-9329 4552 -8152 5901
-5087 1265 419 8338
-7959 -8178 7146 9144
-8526 -9125 -3300 2177
-5712 -7853 1568 9174
-4995 -8777 4650 8841
-8516 4657 -6287 7806
-297 -8066 4150 6722
-869 -3768 8927 6310
2431 -4286 9939 -1453
-6794 -3651 1799 5480
-2353 -6294 3098 4946
-3078 -4751 -1971 -4189
-1930 -9349 4121 2440
2469 -2012 6562 1663
-6582 -6374 7447 6782
5560 801 5652 2628
2113 -8328 6754 4734
1502 1093 8166 9151
-9105 3297 -790 7396
-8912 -6746 4927 -1002
-6601 1504 9834 2065
-2247 -9842 4583 -6274
-781 -8818 6626 -3831
-9008 3527 -9 5834
542 -4061 6406 4809
-4782 1647 4297 9729
-4347 1092 2516 6663
-8514 -1839 7619 8873
3958 1190 5675 3356
-1952 -7177 5736 -5742
-198 -5323 9874 5517
-1750 -7450 4338 9294
2072 -8792 8254 2312
-2789 2619 8443 9691
-6142 -4988 1646 3375
-8770 -9072 -2586 2531
-9696 -2494 2366 5800
-9100 -8026 -3173 3101
1675 67 5524 1549
-86 -8014 5076 7400
5640 -9567 5998 2064
-7889 -4967 -7767 2522
-5750 -6146 8446 1796
-6891 -1382 -4019 2418
-770 -1333 -672 6345
-77 -1304 7931 6329
-5876 635 4070 1123
4352 -5787 7149 -313
9659 5567 9870 5856
-3807 -4467 9679 7981
-489 -3739 8657 8132
-6671 1003 7394 3190
-730 2737 8152 3453
-2310 -4709 9414 9271
-8235 4065 -7860 5191
-8112 -3520 3137 -2688
8689 -8469 9314 8366
-2915 -537 8763 971
-6323 -5351 8125 1768
-5406 -2838 6964 -1466
-9340 -8952 2168 2762
-6182 1030 -1069 4107
-8955 3264 1994 5032
-9700 -7525 -3765 1865
-1707 -3777 3426 436
-9260 -6061 -1658 5748
-8468 -1538 926 -666
-5054 4694 6267 8659
-6538 -3086 -6452 4438
2397 -5968 4324 -1641
-9056 -7177 3300 5653
-5565 -9067 -4248 841
-5919 -7487 3626 5452
1188 -9191 1259 -1066
-1352 -8459 -821 9717
5238 -8204 7694 -4524
-8870 2696 919 8470
4732 1034 9498 1167
-7834 -1381 7347 2205
-9012 -6236 -6271 -406
3879 -7894 9702 8951
-4397 -7750 6484 -1759
-5435 -14 -4422 2188
-518 -8984 8292 3152
2643 -9914 8810 5429
-5930 -9514 -4882 7192
4538 -5453 9134 604
3119 -5665 6623 -4491
765 -6638 6775 3597
-4681 -2816 -3084 8966
-9355 -1403 -4164 268
9718 6348 9992 7596
-6418 751 -2074 3301
-6774 3056 -4736 4424
-490 -3730 478 7853
2394 -7958 2427 5320
-8334 2315 338 5496
6414 -8160 9581 2864
-596 -1136 1334 447
-7456 -8701 6578 789
-2889 -9958 -2025 1642
7813 2511 7837 7151
3547 -4892 6206 3580
-8167 5934 -7773 6105
-8037 -6667 1473 -1719
-7496 6103 6743 6925
-8909 -2063 6915 8466
-6608 -9999 -2044 5705
-879 -4450 1543 9124
-3217 -9136 -940 -4149
6098 -3133 8801 -218
-1434 1606 5631 5344
-967 1742 7187 8489
-4438 3202 5709 9665
-5790 -2115 5107 2587
-5032 4842 5101 7890
-7223 405 8196 7256
-7283 -8518 -6596 6967
-6188 -727 -4339 2493
-3781 5927 4007 9850
-8057 -242 8854 8364
-7709 -9528 6063 6810
-6882 8323 -991 8550
-7486 -9853 4556 -5202
-7263 -2896 2990 6996
-4335 -451 9247 8807
3791 -3166 9141 1323
-2518 3325 341 4943
-5618 -1384 -5357 8852
-4953 -7338 6539 9634
-1136 -8157 834 -7872
-4314 -1748 4960 -698
-7322 -9116 -1362 -679
-8849 -1692 -8176 4635
-4763 -8752 5615 3083
-2720 -8505 1237 -2909
-1751 -4917 7561 5085
-7494 3010 -1420 8488
3275 -9299 9714 2342
806 -7028 5426 6668
-9954 -7523 3942 812
-7385 -9664 -217 -883
-2625 3458 -691 6727
-4313 -9015 8331 205
-4771 -7070 2938 -4211
-7712 -3947 -1320 -3841
667 -1870 667 1924
-7783 -156 -1787 3995
4775 -9401 5947 7341
-9377 -6630 7907 -2383
-4903 -1004 581 2656
-9078 -5999 -345 -2265
-4303 -9618 -2994 2128
-9277 4283 -7285 5022
-7421 -2093 -2209 6195
-1303 2051 5104 7021
-9916 665 9636 9758
-6671 -9908 7076 2105
-6834 -8985 9951 8920
-6711 -8985 55 -8896
-3079 -4074 -2335 118
-7771 -1601 -1769 9661
-1059 5591 9659 5649
-8270 -8620 5400 1824
-6052 -4800 -4407 -2142
-6414 -7350 -1088 209
-3355 -9105 3449 8063
-1335 -5821 5263 -5313
1622 -5327 9782 6638
-7815 -8841 -4515 7410
-3843 733 -2749 4449
-6588 -5758 1276 2252
-7897 -8425 -5004 8562
-5285 -7006 4352 6822
817 -3895 5107 5087
3155 -9539 7055 5037
-1543 -374 1821 6118
-2306 -3242 1687 6995
-882 -328 9969 8573
1015 135 2739 9747
-3506 6616 9234 9898
-4893 -5757 951 3438
-8345 -5601 1951 -1243
-4036 1695 5551 9007
-2972 -1734 1603 9634
8092 -2074 9478 5024
-9553 1126 8231 2081
-6702 -9095 5515 -5615
305 -7389 960 -1662
-7455 -9121 6132 -4468
-8186 -7148 -7600 -6552
-9862 5926 -543 7360
6732 3476 6920 8878
-45 -7393 8788 -1612
-6487 -5611 7549 -882
-6520 1574 -5990 5101
6570 3377 9127 6726
-1364 -658 8479 5919
-9583 1080 1621 4203
-7987 -9839 7026 5520
135 -8450 8137 -4942
-7240 -2934 3078 8965
-4141 -6670 1968 -5574
-9891 -5827 -9317 3130
3961 3169 7913 4562
-5096 5470 -2214 7150
-4809 -7954 9529 -614
-9797 -5317 -9507 7734
-1614 -4880 6848 9597
-1533 -4775 8660 5544
-6478 -210 -5188 346
-4609 -4281 37 -171
1132 -8718 1825 3270
-2582 3739 2606 7657
2205 -6141 4010 -4850
-8256 -2882 3597 -1875
-9462 -6392 -762 7116
-6540 -226 1169 1144
1409 -4994 3306 8866
6865 5649 8970 9805
-3837 -3208 8704 7501
-9196 -4297 8429 863
1526 1822 8821 3088
-8309 -7743 -5771 5515
-8273 -9429 9507 -1450
-5193 -5609 2934 1653
1169 185 8713 5314
-3168 -7363 1864 -4950
-5875 -8945 -3943 2891
-8648 -8199 -6461 971
-6946 3265 7215 5863
-9269 3533 -6144 3706
-4232 -5708 1859 5436
-9537 -6970 1828 -186
2687 -9594 6672 9530
-8324 -1117 2024 281
-1002 -1472 7762 8054
-660 5213 8472 8929
-2623 525 5107 766
-8030 2085 9695 4730
-4535 -4312 3287 -366
9346 -7027 9855 -5086
911 7549 9463 7886
-6244 -3737 -1126 -388
2668 8259 3007 9976
6411 3592 6561 8290
-9205 -4131 7260 -1713
5942 -930 7072 9123
3604 -270 9916 4329
-6971 -1106 -6968 8914
-2544 -8542 -603 -1522
-2358 -1150 -1543 4402
-8495 -9520 9741 -4540
-7020 -9787 -1104 1205
-7381 -6780 3453 -3504
-6800 3245 9763 8040
-6424 -7793 6543 2579
-9626 -9171 -4331 9648
-3322 4614 6497 9073
-4800 -8169 -2613 3834
-4278 -1709 4845 5839
4832 -976 5771 6663
-6882 -2579 -473 6865
-9798 435 -5057 9577
-6008 -4880 6610 -3002
4389 -9887 8283 2227
-4160 -3390 5118 585
-6608 8775 -884 9125
-2961 -1363 7027 6349
1720 -5552 8350 850
3669 -9073 4586 -9066
2996 -3880 9625 1961
-9152 -1961 5090 4329
-5023 -5173 5516 451
2627 -4167 3492 6232
-8686 -1004 -4281 5900
-5017 -41 -896 7780
-4730 -6388 8914 2400
-2042 -7822 9712 -566
3723 -5384 3723 9939
-8884 -7673 629 -3121
-5829 -7704 6959 -1243
-6137 2003 -5917 4997
-9287 -4199 -5338 -2598
-2206 -226 5428 689
-5621 -1320 2052 9550
-2487 -6615 4200 1294
-575 2334 -128 6490
-2556 -7755 3400 7063
-8762 -8500 2652 -6621
-9452 -6942 -5208 5323
-5926 -2360 -4961 9374
2645 -1642 7943 3365
-9842 137 1832 6105
-1356 -5906 4648 9008
-5284 -2446 7823 8425
-8222 4003 326 9337
8611 -2733 9342 6488
777 -3587 5987 382
-7815 -9335 1148 2021
-8554 -6841 5431 -6389
-7302 -7836 6088 3539
-7419 -3502 -7022 864
3521 1766 6529 8604
-9586 -7312 8205 4666
-5369 -9536 8259 -4491
2007 -8831 4472 8476
-370 -651 1310 3774
-8427 -9767 -2553 4761
-2104 -7149 7070 -5697
85 2952 8023 5142
-1600 -7862 3734 7773
-7013 -3713 2227 189
-5676 -8767 4327 1389
-5176 -737 -544 7915
-6229 -2176 -2639 -1652
-3565 -6089 415 1186
-6660 106 9730 5877
-2901 -3646 7998 5863
-7526 2588 5650 8215
-5168 -3231 9987 7303
-3460 -2224 3208 -596
7288 5321 9572 7157
-5753 -9107 -1791 3746
865 3197 2060 9167
-4766 1569 6903 1915
-7124 -4571 -827 -3379
3210 1709 3902 5112
-7404 -6215 7936 -1240
-6586 -6221 -3419 2523
-2540 -9707 7441 -8741
4016 -9408 5865 -6376
-2326 181 8453 9601
4598 -2525 7690 4783
-5109 -4612 -4758 -1719
-1869 -6420 5257 -5682
-4746 -5551 -991 1993
-7621 -6477 4371 -6238
-4821 -2823 678 -172
-4617 -1807 3088 4498
335 -6547 8478 9288
-9618 -4610 -3739 -1465
2212 -4931 3386 2436
-6150 3943 -2355 5799
-4821 1353 2704 5855
-5912 -1480 4847 9168
-2449 -7523 4652 7826
-4330 -5495 9335 7960
5605 -9009 7745 -6431
1060 401 9529 6547
3078 -795 5126 4058
-7238 -6387 -2254 -478
-6532 245 345 9575
-9784 6210 3803 9096
2067 3214 8497 3612
-8368 -2863 5268 3219
-1864 461 907 9363
-7904 -3771 560 -1729
-3037 -7892 8092 5592
-8357 4183 -3466 8712
-6614 373 6130 3588
-4492 595 1963 2917
1136 7285 9332 9788
-8885 -4382 5741 3790
-2979 -3683 1238 54
-7375 -6595 -3403 9660
-6648 -4442 -1208 7607
-5895 4382 2107 7433
5792 -7156 7792 5143
8459 3196 9352 9642
-4965 -804 2751 1216
-4442 -5725 8960 5704
-3190 -6857 -2372 3457
-3671 -7880 826 4669
-7739 -6167 4134 -3682
-1976 -1353 -357 5414
-1197 -3536 -887 5485
-8818 -6560 -569 5893
-3444 -3380 6518 7695
-239 -4436 4098 7447
-9779 -3254 4237 919
5950 -4479 6842 -375
-2743 -666 3763 6930
-6089 7010 -1000 9636
-473 -5252 5211 -4048
-9636 792 -8531 7080
-6207 -2274 3721 948
5278 4406 5413 7216
-2779 -7509 -87 349
-6500 -4443 3332 5018
-7212 -4822 -4685 -1
-7562 -4824 913 -4459
-9911 -7833 -6463 502
6273 2956 7432 9990
-9518 -9585 -9100 -1951
-5506 -5201 -1949 1347
-5670 6513 6280 9429
-3243 -7067 1070 3222
-6478 -9065 3322 -936
-6202 5139 6812 9397
-4126 -6368 -960 -2273
-6531 -4194 2070 2706
-7650 -4341 -7230 -2425
3108 111 6726 577
-7639 6420 -4561 8561
-5721 -5947 8219 -1950
-2553 598 -1484 6782
-769 -8220 5324 1685
-1216 -3768 6154 1398
-9378 -5070 2077 -4228
-3936 -3062 -3822 -1758
-9217 1227 -78 7198
-2239 2511 2233 4503
-6395 -9147 -5867 7249
-8282 -7627 -7 -2718
-4674 -6489 9538 -3877
-9457 -9120 501 -8275
-9750 278 7620 3425
-3610 -5473 2398 688
-2245 -4756 9338 -2448
-6743 -8106 -3103 7655
-661 -2585 2445 744
-8717 -6457 6975 -3544
-8250 -6157 -6400 4912
-6245 -6855 9810 8236
-6858 667 4238 5420
-3909 -7554 7126 2059
6384 7459 7625 7733
-9205 -8493 8770 50
-1371 -9702 -878 -9414
1941 -1344 7572 -157
-1610 -5380 -139 8789
-7861 -4704 6470 2170
1298 -5575 1708 34
6501 4160 7116 7517
-8425 5317 1834 7409
-9360 -6336 -8945 -4205
-547 -3369 9067 9732
771 -9088 1904 848
632 -7051 3257 2579
-6903 -4082 9063 9688
-3055 -8729 5606 2553
-1752 -9281 763 -1408
-5748 -4709 3469 -1989
-9820 -3498 4758 9618
-9603 -7362 -6326 9094
507 -8492 510 -4749
-8081 2138 4161 2866
-7686 -3194 -4257 4553
-7829 3137 -2181 5022
-3381 -5286 9897 3268
-5570 2116 9673 8869
1475 2650 7007 2711
3026 -2419 6857 9275
2656 1345 6918 4155
-4826 -7184 -1077 8806
-8913 -7883 5585 -7200
2326 302 6150 1484
-6316 -9203 -1254 6007
-3395 -5972 1199 -2614
-4100 -6884 3836 2279
-9370 -5272 7153 5547
1291 -9404 3056 -6464
-617 -6480 2756 630
-2559 -4068 8415 8967
1661 4815 9226 5599
-8593 -6403 1296 8604
-8429 2280 -5383 5054
-2659 2203 -125 4631
-6324 5554 8430 8588
3246 -6482 3550 -6087
-1783 -269 2413 4309
4299 -2244 7401 8319
2520 -8792 4832 -28
-2857 -9223 -1123 9882
-8486 -7749 3977 703
-4442 3675 -3003 5991
-3648 -192 6335 7225
-5490 -6323 5910 7924
-1168 -7157 6115 9868
-1685 -7538 8031 -3811
5277 -7829 8290 -5252
-6231 -6074 5224 6110
-6284 -5293 2772 7988
-3217 -548 -884 4314
-7873 -4661 7867 1757
-9947 3919 -4009 3930
-5145 -9731 6801 347
-791 -8750 1588 -1898
-4469 -8047 -2604 -2961
-9259 -1146 -4193 -603
-7551 -1480 4486 5343
-1191 -5024 5619 7118
-5060 -1781 7140 1783
-3665 -4232 6515 3281
-2646 -784 3837 2600
-5579 -1145 6874 9185
-1411 1117 6557 4060
-11 -9602 1180 -5091
-1676 4658 2922 6905
-8399 -3491 4828 4462
-6091 7889 2522 8196
-5204 5715 7185 8560
6977 -7659 7714 448
2580 1097 7081 2751
4337 -6703 5993 -4016
-3316 -6938 3645 451
3608 -3617 5201 3269
-3395 -7773 9092 -552
-4750 -63 6457 8263
-9634 -9479 7515 2776
-3009 -1153 1761 -528
-9553 1456 3932 2102
-5035 3283 3173 6834
-1135 640 -105 1788
-9392 -4425 -4310 7516
-8835 -1902 -1334 3403
-1932 688 -620 6657
-828 -8629 5377 2039
-8190 -2283 -1713 -988
-2641 -6252 7477 -4420
-4780 -2087 8519 6999
-7166 1496 4507 3006
-9540 -8746 4792 -3515
-9467 -1987 3291 -1259
2938 -7132 8265 6091
1824 108 9187 9610
-7393 -1579 9647 1217
2844 -1429 9241 1907
-6559 -7670 9908 8726
-3740 -8906 4499 -5897
-8245 -4691 5880 -3681
4446 -7099 9318 7832
-2937 -2166 1028 9382
-2727 -8267 1433 -2471
3642 -6017 7136 -1869
5804 -9571 6574 -8834
-6963 -3934 -6130 4513
-3284 -4677 1111 9491
-596 -3433 1362 4949
-7357 -1158 3134 353
-300 -6481 4109 3690
-6523 28 3475 340
-6794 4627 8728 8498
-5866 -1296 5432 4692
-5552 -8414 -4112 3823
-4220 -2872 2190 7937
-8055 5265 7961 9110
-8722 -4902 6239 6396
-8921 -5960 -3932 9367
-5312 -1106 3946 2767
-2137 -4417 8549 -2259
-6660 -7619 5194 3698
7565 1546 7953 3877
-6479 -7144 2920 5610
-7707 -5663 -4850 -2817
-1439 2596 -602 3629
-9605 -6821 -4534 3805
-6345 -3249 8086 -560
1054 -1826 9058 5262
-1079 -7643 6424 2947
-5687 -1971 -973 9260
-2309 5669 7721 8470
-9763 -7195 8138 9088
-2288 -2767 1028 -2184
-5634 -5136 -2119 -319
-5501 -1165 4548 46
-5589 4292 5266 8611
-9992 2673 4829 6661
2293 -5337 9357 6238
-7589 4272 1908 9701
-8620 -3029 5631 7109
-7977 -9961 -458 -8527
-9158 -3420 6034 3829
-8903 -4222 9739 2245
-6265 -5819 4971 -4759
-6769 -8938 -6635 -718
634 -8368 7186 6343
2208 -4427 5182 -300
5165 -9350 9089 2250
-3317 -1453 4142 -956
-8291 -193 6251 3613
-2573 -5458 8861 -4590
-8456 577 -971 3970
6478 -9367 6768 5510
-3260 979 8811 6224
-9847 -8296 8763 7276
42 -8427 4543 -5227
-4359 5593 855 6978
5050 1296 8604 1727
-1117 -9940 4987 4202
-322 -948 8817 5978
-8948 1869 8011 2330
-3727 -3859 7077 2874
-1762 2885 9383 7942
-6570 -7671 9969 -3638
-4466 -4722 8478 -2026
2212 -8270 9109 -4528
-3382 -6733 7162 3759
-9141 -7169 8749 7085
5370 -4176 9689 -4002
-2503 -1291 -448 -921
3462 436 8157 7239
-8614 2348 8581 3102
-2206 3625 4767 3663
-9064 -8634 3342 2474
-7601 -4081 -6723 -2153
-5085 -8191 -5040 -2308
-2803 -3135 3895 -2337
-7751 -7768 2159 6522
-8410 -3382 5061 -965
-8639 -927 -1214 1515
-9022 -9651 -3363 4865
-6960 -5898 4999 -2462
-4264 22 9487 1794
-4869 -1024 -1156 4117
-5293 -9170 5270 -8944
-5452 -8466 -3726 -3726
-3692 -2771 9549 6431
-686 -9704 9414 8060
-7512 -1989 5127 9982
-6440 2484 3340 8253
-716 -2017 5133 711
-4553 -8346 7472 -981
-5767 1104 -4958 3939
-2193 -5624 1684 149
-6891 -546 6857 818
-1894 -4935 4049 8530
-4559 -3786 -3055 -2089
674 -4674 4093 6722
-2519 -6052 3541 1573
-8872 -8177 6115 6166
-5648 -8811 7661 -4966
-6593 4030 8582 7666
263 89 6386 5971
-7690 -8710 -282 1601
-6253 -6553 9029 5528
-2564 -6392 -462 592
-9555 -5202 8613 1065
2099 -3248 7505 -762
-9747 -9861 -4743 5132
-4308 -7014 7283 -6204
-7572 -6388 -6529 1080
1357 7037 7527 8769
-9818 -7430 -1156 429
-2564 -4650 8713 -1507
5572 -5987 7130 7359
-8975 -4 -1017 6113
-8762 7059 8233 9550
-6544 -5191 -161 8153
-7175 -2832 8231 -550
125 -9235 9078 6404
-5552 -5501 734 -4797
-7918 -2028 9750 7874
5351 -1930 7749 9986
2078 -5900 5109 1259
-5750 -904 3649 2655
-8948 1303 -1469 3891
-82 -9111 8732 -861
-4825 -9905 7839 947
-9349 -2749 4436 4053
-4710 -4683 6522 8983
-5746 -9135 9719 9250
5375 -4943 8266 -2192
-9467 230 3409 7316
3996 -2198 8598 8832
338 6689 8280 9821
-4174 -6488 9701 -4331
-8666 4376 -2971 5886
-3528 -7268 9211 -107
4721 -9649 8717 8569
-7904 -8037 1568 713
-8685 -9020 6104 2451
3036 -199 5342 5249
2967 -5470 4085 -3833
-4875 743 -1749 4635
696 4183 4333 8473
-6925 2084 9363 4847
-8431 -7923 -2236 -7257
-2080 -9276 213 -4110
-8268 -6769 3016 1629
-3682 -6611 9009 9727
-8235 2301 1963 7694
-9757 -978 2125 7326
-4603 -3668 1543 -229
-4856 -1905 7924 2749
-1936 -193 -269 2011
-7057 -7362 -4120 -2179
-5378 2139 813 2772
-6365 3993 7832 4769
5383 -1901 6331 5087
-3248 -5463 6647 7245
-7738 2007 -1014 7006
-1184 -1984 9816 7531
-7745 7402 -3151 9330
-5234 -2949 510 9384
-8004 -7626 1670 -5847
-4090 -7468 2980 -7271
-6207 -5265 -2894 3447
-5546 -3022 5595 6967
-6844 5668 -357 6382
6441 2577 9551 5182
-4766 3 7146 9110
-9156 -7534 2474 5348
-7037 -2818 -2992 9021
-6441 -2252 3654 9741
8439 -7765 8605 6460
981 2055 1048 8020
-8274 1786 847 3935
-7336 -6072 8806 -1565
-2161 -555 6619 7396
-4232 2548 -3717 9598
-7693 -3098 9312 8626
-5420 536 1460 8314
-8617 562 8750 7151
-8629 -9279 4993 -6245
1798 -7343 8676 -2171
-5948 4645 8106 7817
3906 3645 8733 5727
-8533 -4569 -4157 4881
-4320 -1818 4519 -1686
-8539 -1490 -4476 -760
-8272 -6688 2562 -2198
-9778 -3561 6426 -1346
4926 1772 6667 7513
-2054 2688 8398 9235
-5925 -9089 -3491 -6989
-9725 -1501 6180 1589
1540 137 4665 8002
-4088 -7915 120 2743
-6354 -3498 9204 716
4142 -6982 8544 -4831
7841 6108 8589 8842
-2622 -7613 -578 7548
1278 -19 4058 672
-3793 -7243 1075 -1015
-9377 -4601 -3297 2560
5920 -9367 6416 2652
4141 -8791 7205 9346
-8928 903 4236 5967
-9460 1192 -9071 2303
-4583 1725 -107 6722
-7597 2174 770 2683
-3745 6524 2918 8896
-8081 2951 -2267 9787
-1766 -777 -1214 5416
2924 -7420 8961 -6816
-7743 -3781 8685 4844
-5609 -5121 5270 7519
-8119 -2222 5769 2848
-4088 1518 1855 8245
-6585 -7978 -2107 2273
-7757 -8801 9523 -7327
-1304 -7162 -696 -6787
-3728 1929 9828 5219
-7251 -351 -5409 3026
-1823 -6936 3477 -1528
7658 -7103 8552 3975
-3889 -5678 417 5362
205 -2009 8852 1833
-9131 -3892 -5285 -2094
-8905 -784 -1159 2814
-4032 -9301 331 7353
3250 -980 6117 5232
-2510 -9419 5397 8983
-9145 3290 -4115 5652
-6403 -1832 3745 7754
-8644 -6029 7520 -5469
-4879 -7226 7065 578
-7907 -1463 -5973 -1053
3262 -833 6486 725
-8398 -9572 -4046 -4532
-6925 3539 4264 9950
-4753 -6211 8665 -4613
7351 5324 8235 5370
6558 -9886 7134 3595
-6779 4797 -3504 7078
-5154 -5203 7223 4358
6735 -4311 8754 1093
-7144 1309 6866 8202
977 2425 6775 4495
-24 -2039 9459 9638
-8362 -849 -541 8559
-9778 -4730 4330 -2114
-6264 3103 9818 4106
-9265 -6988 7215 6824
3147 -695 5991 9831
-6951 -1253 -2243 8676
-7320 -7426 -202 -5145
-8910 -8716 -3845 -5303
-7296 -9546 -146 -6106
4136 -7688 4842 9340
4357 -1506 5577 2333
-928 5481 9621 7142
3843 -2626 4619 1806
-5590 -8644 7028 -2688
-6518 4770 6743 6248
-2330 -3232 -961 6045
-1316 1485 546 2884
2487 -3159 4857 -2103
-3682 -1197 -3279 4967
-2556 2975 5759 7608
-7752 8018 -296 9471
-9065 -6048 -2548 9277
-4326 -4805 7472 -3063
-4242 -5953 9890 5213
-8690 -8245 4818 7169
-5931 -9994 1620 -8427
-2817 1128 2688 5243
-5902 -1163 7736 1361
-8695 -6506 -4436 5301
-1742 -9226 8509 -3680
3538 -9454 4217 -6305
1870 -6303 4034 4287
-8021 3609 -7969 4699
-7431 -6552 -1614 -2818
-2594 -1085 5043 3461
-9654 2045 -7171 5983
-6340 -4640 4403 -2526
4710 -335 5039 4398
-1191 246 5333 2584
-9377 -1759 3623 5432
2326 5518 8625 6934
-3522 -3581 3543 7685
-6271 -4857 4365 3044
-5020 -7837 -3747 1792
-6450 -2214 -3406 -728
4767 -4970 4944 4248
-7208 1152 -5850 9151
-8680 -8377 -3778 7798
-2626 -6200 8609 1766
3485 -2418 7130 5600
-2312 -4812 673 9891
-2480 -6415 1525 9310
-2407 1706 8614 9628
-9278 -5630 8646 -5608
-4502 -2191 8461 7164
99 -8709 923 -7478
-6155 -6062 8802 -4440
-7444 -7543 -5397 -6664
-8273 -5375 2564 -790
-7041 2850 9798 4000
5107 5121 7063 6352
-6656 -9927 -5198 -5765
-1461 -6798 4700 2314
-8535 -8184 -3258 8368
-6353 -5571 -6230 -1688
-2863 -1422 834 2049
4609 -3779 9634 4994
-2774 -5310 9776 7395
-4694 6308 4550 8560
-3145 -3556 -2225 7535
5737 -2315 9760 -1503
4877 -8137 6576 -6395
-9969 -9739 8561 5752
3062 4506 9947 9106
-9248 -5519 1105 -4011
-8086 -9452 9096 9424
-9277 -1763 -250 7171
-9070 -3218 7037 7386
-2490 32 -1491 4440
1251 -4026 5193 9328
6889 4860 8692 6178
-4537 -6016 4703 8758
-7512 5792 -192 9439
2209 -641 9263 179
-7699 2962 710 8959
-8846 -1145 -1807 2363
-3035 -4560 9649 -1606
-2488 -4006 9341 -1328
-7317 -9347 8149 -8094
-1923 -484 -949 8604
-8462 -9953 8134 2595
-9742 5753 2249 8935
2506 -1286 3073 7371
3293 -3237 4115 2210
-3783 -8053 -3616 6023
273 -3814 8072 5581
2194 -5082 6711 4178
-193 -7433 2074 -5220
1029 -9584 9304 -7445
-8305 -770 6231 2718
5466 -7490 7869 774
2221 -3995 7296 1373
87 -7229 3383 1444
443 -2965 2708 1514
-8312 -2748 -7640 6459
2608 8838 5433 9924
-3736 -1928 9176 9642
-5047 1336 -1153 1905
-9487 -9903 5148 -2089
-5470 7941 6565 8230
-6179 8016 8064 8183
3160 4471 3907 9762
4934 9048 8183 9684
-8019 -952 1569 1310
-4820 -7082 9308 1923
-1865 -8293 593 7424
-4733 -6731 6564 7902
-7562 -9348 2486 4206
-6810 1586 3346 6496
-4807 -9871 9724 -795
-5079 1625 -3320 9639
-3452 -3225 9530 -1277
-5134 -1115 -3818 7614
3061 2388 6437 9948
-7912 -3997 -1495 785
-7797 -9699 -4738 -1024
-8840 -8332 4080 8000
6708 -5298 8121 8287
3431 -5200 8723 1816
-2039 -2473 -1538 1034
-7127 -4134 3378 9770
-474 -4442 7656 904
-4211 -9233 -2713 6556
-7912 -4816 8481 3930
840 903 9258 2456
-2105 -7345 2865 6634
-7892 -9411 602 -1727
-8530 -9528 692 8556
3999 -2238 6191 6320
-5440 -9765 -1795 8462
-4556 -1989 -2007 1397
3148 -1656 9471 8369
-9591 5846 -7186 7112
-3758 -1874 -2210 8749
-7405 -8776 3270 9778
-8888 8813 4698 9516
3809 -6788 8456 6666
-9415 -5952 4991 5673
-9649 -6629 8743 -1217
-4145 -5748 -4071 -4808
-7507 -6305 -2922 6180
-5336 -8916 -689 -5274
-7032 -5579 -959 8010
-8682 -2759 -7512 6515
127 -1850 8570 -226
-8611 -4278 -996 7621
6340 -9928 6446 -9606
-2482 4200 4999 4283
-7179 -2928 -5664 5355
-7046 1101 1349 7439
2743 4837 3452 9014
2959 -7278 8604 -1603
-1472 -1159 1539 1543
-4311 -5589 7686 3305
-7349 -8242 -2316 -6922
-9517 -5769 -498 7145
-971 -7826 252 5303
-5196 -5414 -4204 4930
-4919 -5544 1011 3419
-8834 7027 -5984 8929
-8102 1529 1809 8865
-1034 -9828 1215 3365
5839 -7763 6997 4693
-6720 4231 -3623 5092
60 -8096 480 9204
-8894 -3124 8261 -2945
-5811 -883 -5092 538
-6909 -5787 8051 -1148
-7860 -329 7163 8914
5801 -4560 6608 7657
-8785 -1437 3719 7358
-8167 1846 9865 8604
-3440 3456 8705 6582
-8537 -9049 -189 9797
-6025 -7449 797 1115
1605 -7652 8333 -5845
-9110 7856 -298 8490
-6292 -4435 -5532 3531
-8005 -8288 6888 -3475
-1668 -4439 -1152 -171
-7845 -1635 2630 8575
-9564 -9891 5816 8791
-8780 -8984 -2576 -5629
8548 -8233 8753 -6858
4667 -1199 6005 989
-7889 -8162 1661 3485
-1651 -4832 -290 8394
-550 -8489 7358 -2046
2968 752 6491 7832
-5578 -9676 -4209 -1968
-9765 2968 -4882 3106
-2116 -7463 6512 945
7208 3519 9925 9610
-5854 -3108 1117 4778
-4562 -926 -1766 3931
-5879 -8010 4823 2879
-1100 -8765 9898 -6265
-7165 5397 439 7866
-3707 -3150 -1843 5473
-3868 -3498 7475 8400
-9316 -9677 4264 9950
-9430 -8034 -3985 -1844
2029 -6806 8500 -1528
4330 -9515 7480 9539
-6657 -9960 -4742 -2090
5106 -9349 7362 4236
-8482 -8834 9425 -5244
-4232 -8937 7728 -3220
-9466 -9434 -8747 -7852
-7350 -9930 9979 4758
-9682 -9733 3736 -4308
-2254 -8257 -439 8423
-6232 -6951 9864 995
-4804 4318 -3856 7649
-8117 4916 2245 6496
-5898 -5872 -1983 -4127
-4185 6107 9633 7001
4061 2447 5850 4289
-8792 -4572 -8618 6748
-3038 -7615 6401 -1078
-3286 -9793 4873 -8156
-3561 -461 1267 8219
-8584 -4613 -1114 5426
5946 -2715 8448 4651
1945 -9323 9275 -5441
-7019 -9272 3187 5008
-803 -3641 2876 7159
1844 -3146 9719 -2683
2051 8385 3315 8845
-5021 -6322 -796 -3937
-9508 -3126 3555 -1548
-3618 -2827 -409 7529
-508 -1071 8280 5754
-9804 1744 -6019 5069
-3303 -4686 2508 5449
-6608 -4309 8386 725
-9820 -9863 3481 -7272
2607 -6206 8260 3242
-5965 -8346 -165 -2626
2100 -1474 2835 7056
-2930 -3400 6885 8674
-1206 -7470 -328 -7200
-8990 -3907 4609 -3727
-9667 -2660 3534 3183
4194 -3116 7469 -2557
-8109 -7389 1458 -2488
-4432 -9065 -153 -6081
-5372 -8476 -4844 -8319
3051 -4533 7540 2355
-205 942 6546 9658
-6016 1388 1336 6840
-8411 7743 -888 9126
-9599 1485 7325 2879
4553 7417 8131 9065
405 -6226 1313 9620
1957 -7300 5122 -6005
-7600 -4192 -2168 8721
1063 -9272 2866 4541
661 -1034 4112 7990
-4763 5748 5557 7801
5577 -8046 7813 3346
-4646 514 -2321 9179
-5222 -2414 5343 2556
8721 -2113 9135 -1140
2544 -4466 7692 -2110
-5438 -2159 -2419 4869
-2481 -4836 -94 -962
-3095 -7945 3584 6824
-5922 -9732 -4895 3700
2177 -7347 9702 -110
511 -2541 3833 1472
1345 -9085 7494 -3097
-9296 -7185 -4330 7202
-8675 -5658 1323 3347
-8173 -4875 3650 5310
-5042 -5610 -3046 5631
3064 -1562 8145 1278
2416 -9679 2693 9465
-9766 -8177 9379 2298
-5016 -9391 -2432 -1916
-3186 -6253 -543 4093
-8250 -4422 -4999 4283
-8763 -3386 3333 8808
-2400 -7216 7468 -4037
-3917 905 -3012 7429
3525 -6342 7673 6526
5782 -9168 7886 1276
-6733 -5740 -5774 -1931
-682 -8492 8535 9905
-6592 415 -3574 5832
-2986 -8955 9114 6493
-9601 -5136 501 -3573
-7254 -8358 2768 -8164
-4732 -9193 6527 6260
-6986 2559 3530 6045
6657 -3819 6899 -366
994 -7963 3653 659
4371 -7285 9744 -972
-2920 -8716 1669 437
-7939 4411 -6437 5701
-6789 -8485 7107 7625
-3946 -4521 -2221 6959
-8075 -3743 1094 1645
-6373 -939 -4661 2307
-5487 -7454 -5220 -7449
-5993 -6116 766 4882
-3613 -3527 5922 6893
-5408 6287 9163 9269
6936 -2264 8768 2977
-8972 -4858 -7006 -4178
3456 -6015 7586 6838
-6650 -6365 8595 8575
-6204 -9167 2027 -4232
6299 -3550 9930 -2150
-2528 -9727 3488 -9369
-4930 -522 9150 6723
-3222 6792 3175 9499
-1384 -6168 5130 -4717
599 -1333 8251 942
-6395 -1143 -4997 3236
1943 -4814 8919 -1101
3467 4380 7991 7839
6283 -8528 8498 -3097
226 -4216 2827 8855
421 -7443 1587 -5738
-1274 -3958 2006 1925
-5460 4025 -218 9377
-1813 -6329 420 4349
-9142 -4167 2325 9163
-5304 -8529 6569 -5175
-1104 2872 7834 8481
-8314 20 9000 7063
-7791 -3299 6573 7371
4058 -1907 4376 -529
-4358 -7783 -3947 -4184
-7826 -7649 7800 8535
1580 -5263 4294 7285
-9118 671 -109 741
1105 -3699 3434 -358
15 -7486 407 2611
-4706 5015 4449 5830
3510 -2023 9267 5366
-1272 -7647 3862 -932
-2044 -869 611 6275
-4945 -9002 7698 345
-433 7796 8914 9966
-1825 161 3972 7472
-1317 -6727 9834 7272
-8596 3745 7247 5358
-2387 -9182 3417 -114
-7671 -6315 6404 1603
-189 -7299 702 8195
-4502 816 2846 3023
-8298 -5903 1991 -2512
3729 -9689 7407 -347
-1131 -2892 1444 7133
-3160 -6819 770 7455
936 -823 5411 7226
-6666 -3938 5490 3159
-8510 -9805 577 2351
1008 -7458 8064 5423
-7582 -707 7989 3587
1334 -8415 9447 -1382
-3273 -5639 124 -1241
3604 -7923 4701 1370
-3334 -4543 5009 5528
1666 -8610 2336 5857
-9564 6997 -159 9735
400 -2610 8939 6830
-1506 8119 3865 9817
-2962 6873 1228 7468
2129 -5556 5263 3507
3994 -7999 8223 -4811
-9049 -4709 -4015 9406
4137 -5079 7727 9679
-3737 3901 199 6822
4156 -2695 4807 463
5337 -6251 6322 9255
-1114 -1123 4621 -286
-3760 -1239 7163 2704
3510 2934 8282 7912
-1779 -5560 5882 5629
8216 -5043 9407 -769
8649 -3913 9177 -1753
-6379 -6392 9925 -4669
-6850 9236 -6084 9675
-7838 -9392 -3186 -3459
-9235 7501 -3187 8276
-2085 -740 5667 9895
-7652 1237 -260 8516
-3982 1765 3328 6651
-2400 -7874 9201 8898
-9426 -7264 -5293 4286
-7873 -887 8735 9667
-5947 4169 3128 5922
-2447 -5530 1520 9472
-1425 -2607 -267 7986
8317 1943 9830 7380
5306 -9647 8020 -491
-6263 -8693 532 -7750
-3551 -3151 8695 202
-7703 7715 -2104 9706
-4405 -475 -2293 9226
-2823 -1080 9711 -980
-2152 4570 7194 6912
-9206 -5796 5399 1576
6681 -6686 7755 -3271
-6871 -3202 6107 492
9912 -1843 9921 -1156
-8299 -7190 -3125 -1271
-7635 5499 -3231 6573
3668 -2349 6860 6932
-8880 -4757 8597 -630
5070 -5673 9371 8741
-7418 -6053 -1856 169
-1744 598 9543 4682
-9671 -6737 -9081 5862
-9723 -1922 6175 -1097
-5631 -5508 -3767 9898
-8521 1484 4586 4980
6897 95 9628 483
-8334 -278 2531 5732
-3909 -4117 -2240 1268
7408 -634 8191 6316
-7846 -1624 -65 1364
-4768 -9094 -671 -77
-8794 -7744 -6310 2909
-4864 -9499 -3455 -5617
-9978 2540 -8635 7221
1067 -127 8611 360
1096 293 9399 3120
-7662 310 -1947 8497
671 -526 8650 3313
-3850 3734 4787 4924
-6793 3755 -6745 9192
-8782 7466 3021 9775
-5021 1329 531 8971
-7795 -9761 6914 -945
5864 -3250 8936 -79
-5434 -8616 9574 -8411
-4277 -720 307 509
2084 -4613 5053 5468
-394 -1450 7112 7954
7858 -9183 9464 -5283
-6003 -8675 9884 1646
-3952 -5907 7355 9076
-2951 -9954 8205 -8649
-7520 -6219 145 184
-9471 -9221 7971 -4809
-7313 8132 1181 9390
1897 -4268 1931 -834
1071 -2044 8567 8131
1704 -6028 6446 3483
3387 -8302 3392 747
-8386 -1530 -6391 -801
5904 -7333 8929 -6781
-3824 -9429 1181 7225
4427 -110 9494 6525
-379 -9140 8422 -1847
-7099 4211 -1538 9809
-868 -2549 9750 1801
-4794 199 -3908 6474
-6390 1381 5162 5554
-4991 -4048 1781 4948
-3217 -5192 -108 5606
-5757 -4035 -2214 2516
1194 97 2353 4226
2052 -8923 5441 5358
-3562 -3673 4718 4580
-7147 1606 7685 9895
-9009 -9187 9940 -6167
-9690 -4401 -6605 2649
-8971 -7607 -8770 3189
-253 -9238 8895 6830
7189 -2319 7625 2469
-6829 -7252 -4392 1702
-6592 4076 -380 5160
-7409 -1879 -2491 5008
-5389 -8826 6078 -5145
5669 -777 9870 1348
4773 6092 4956 7230
-6802 -7669 2375 -7647
-4537 2355 5283 8789
-2563 5072 2541 8320
-8529 -6856 -8254 -750
-5984 -8538 -4806 -1061
-8628 -2695 -4137 1647
-4421 4393 656 5552
-7853 4295 -4233 7188
-1085 -7368 548 6428
-9233 -8558 -3206 -665
1728 -8904 9930 -431
8543 2400 8617 8075
7841 1412 9702 4140
-9954 -4107 5404 -2498
-7051 -5983 3936 -706
-9914 3076 -2154 3322
-6794 -7930 3644 1955
-2902 2261 -374 5919
54 -8521 7078 -3996
-1768 -6308 6750 -4340
-4041 -4886 518 3495
-6222 -6232 8163 5863
-4681 -8966 232 2696
3366 -7 4547 4819
5555 -9444 7239 11
-1617 -9470 -1545 -8503
3407 -9286 8728 -494
6360 -8788 9340 -1048
-9454 4375 -6605 4752
720 400 6815 2310
-9329 -2187 -3297 7234
-9325 8388 -6607 8998
-7390 177 432 509
1378 -5207 6823 9624
-8630 -1331 3689 1206
1479 -8763 6970 737
-1246 -4686 2892 2833
-4666 -357 -163 7469
-3573 -6481 7258 -3479
-6560 4744 -792 4839
-5948 -5255 9180 7693
-8117 -4413 7479 5655
-9440 -8259 5253 -6634
-2838 -5877 8886 9197
-9526 -3150 4853 9442
-8913 699 -3316 3166
-3039 466 7852 3332
-507 -8584 9254 -1336
-1796 4599 4617 5508
-1846 -8516 1709 -8241
-553 -9455 7906 -1246
-5002 -4872 4294 9453
-6651 -2792 7947 5109
-6756 1594 -2370 4581
-7818 -8253 434 1930
-6826 -4581 7219 5877
1592 -8850 2264 -3680
-3710 -9657 3791 998
1536 -9169 6693 1798
5639 -9276 6314 7494
2557 -6540 7167 9737
837 -66 5906 3242
-1963 -8043 -1165 6751
-7201 -9677 2988 1966
670 -8312 6270 1492
2607 -7801 7299 -995
-6509 -6650 1390 9896
-5533 -8146 9264 -3702
-4978 -9705 7759 -2913
-9581 -6735 -2814 7724
280 -5935 796 6855
-1844 3362 6577 5555
438 -8347 2338 -151
-1840 -1375 -168 3484
-7345 3281 9408 9769
-9598 -7336 -3256 6239
-6525 -7454 -6432 3543
-109 -5143 3003 -3068
-4200 4001 4663 6266
3107 1908 5977 8210
5495 -5622 8240 1377
2732 -9799 7358 -1287
-2640 6040 5063 6955
-2386 -7178 9992 8471
-8709 5334 -7779 9356
877 2621 935 3398
-5340 -3579 3871 -2443
-5733 -1427 3689 5137
858 -7575 6531 -2648
-2127 -4189 9664 -2216
-8620 -8206 5503 6441
342 -8082 5789 3188
-6119 -6987 1844 -3292
-7589 114 -4617 1295
5444 -7382 5696 9614
-8528 5755 -2095 7376
-5408 4416 8692 7935
-5392 -7 -588 5056
9183 -4645 9912 -3950
-7354 -4383 -1194 4949
-6113 -9107 -229 7773
-3472 -7208 9790 6902
-1936 -5977 3552 2343
-1000 -2750 4588 5427
-1383 -2787 6313 5666
-3864 -7813 -1227 -6779
-6807 -8161 1444 5170
167 -9378 2269 -7049
-2404 -8852 1084 1669
-5686 -886 -2065 -484
-8464 4198 3109 9836
-8737 -8759 -816 7881
5062 23 7700 2359
-7921 -6803 -7831 5047
-7854 -4975 6493 1111
-2378 -8110 9597 9692
-4667 5433 -4183 7741
4926 -5662 6099 1490
-9904 -2819 7647 8287
-8795 -7701 3299 -5089
6688 -5675 7423 -4425
1524 1552 9119 2551
441 3366 4856 5910
-6542 286 8659 6584
-1929 -9112 8212 9570
-8761 6228 -4877 9414
-3415 2644 7084 2773
9021 -4038 9676 1242
-5185 -6309 -799 -2997
-5047 -9323 5385 9402
652 2208 3825 4262
-7066 5476 -2292 6535
-2560 -6014 4363 3146
-8779 -9627 21 -8847
-9032 -534 -2633 -34
-6082 -9482 -3738 -1833
-313 -2551 801 6003
-5221 3089 2181 5849
-8078 4527 5450 7992
-7520 -4518 -2674 907
-8910 -2843 -2228 7264
-9257 -4088 -6865 210
-9933 -9439 -1573 7505
-581 -347 1165 9666
38 955 8181 6705
-561 -8931 8133 7503
-7214 -2951 6339 -2698
-1641 -6345 1077 6810
6344 -9775 8246 -6222
-6308 -3965 2180 -1343
-542 -1563 4275 6994
-1656 -8789 2939 -6177
181 -3928 5202 -8
7116 -9408 8306 8818
1097 -1506 7693 6242
6286 -4872 8691 4852
1682 -8253 6807 8042
-8746 404 199 3563
-7559 -7059 4553 4556
-9856 -4236 5811 -3355
1386 -9760 5986 4680
4130 -9512 5304 8229
-8481 -8884 7037 9834
-1112 -8557 504 9297
-2290 -9842 1062 -6888
-3007 -8911 5487 -3573
-9500 -5649 7636 9664
-5687 -2962 32 3693
-8149 4468 -3187 7194
-4987 2753 3080 7993
-5562 -7743 -3325 8853
-4334 -931 7181 193
-4420 -7309 2370 -6807
-6627 -7994 2614 79
-8114 -4548 5551 3988
-4005 -4300 8689 1267
-4805 664 3884 4506
1006 -9402 1091 2906
-8799 -4437 8829 9821
3352 711 3601 6453
5112 -2761 8638 -1306
-7833 -5597 -6149 -3798
-9124 4748 -4066 9600
-6803 -4349 -5434 8626
-9162 -2675 5831 5440
-8932 -1594 -2994 1054
-3216 -5685 -1748 3679
-3533 -7056 817 5648
-7686 -5287 325 1679
-5262 -8365 8349 -7369
-2303 778 4274 1752
-7351 -8266 -638 9218
-4168 3338 3948 7538
-1771 180 4471 6927
1848 -1807 7355 4286
-2639 -3653 7606 8279
-9870 425 -8382 6496
-2840 -8778 -1418 4004
-7353 -9525 8863 6518
-4415 7511 5344 8837
217 -7072 7093 3040
-8990 1609 5042 9631
-922 -9708 6071 -8
-9415 -5094 -1646 -398
4624 -4180 8306 -2470
-8030 3537 8568 9468
-6324 -5706 1140 2046
-7360 -1451 -5577 -501
-6962 -3483 -4531 1401
-6270 -5364 4368 9274
-5900 4486 5665 9886
-2759 -5136 2775 6028
-2488 -6910 6819 5952
-7253 -5023 1664 -2814
3847 -1683 7159 1410
-9199 -1758 1929 1336
-2227 -9508 -1698 1362
-5445 -4269 -1649 1662
-7755 -9163 -6916 5827
277 -5164 430 8964
-5034 -3652 -976 1778
-8283 -4927 -417 4460
-8789 -766 3367 8202
-7670 5467 -1437 5585
-4438 -8032 -923 -2850
-1456 -4307 1437 -947
-6994 -7051 -833 -2356
-5588 -4630 8723 7086
-4557 -6934 -313 8222
-1395 5654 -721 7065
2468 630 9678 7827
3191 -3666 9692 2441
-51 -610 6504 847
-3797 -4561 5373 -1938
-8496 -1802 -686 5370
-8440 -8807 -5433 7375
-5927 -8453 6890 -2987
3556 -7146 6709 8802
3112 -3348 5866 -2298
-5645 -4782 7224 -4775
-521 -9756 4400 6725
7081 -9142 8093 -4986
-8089 -5075 8706 -4200
-9411 -4099 -1802 -226
2919 5600 4628 8867
3139 7203 7062 9455
9762 -8973 9967 8253
-4801 1097 -3790 2815
-1367 -5075 6923 1647
-7038 -9566 1723 1289
-9091 7102 -1241 9390
-2604 2299 5132 7320
-6626 -269 6491 -36
-9759 -4141 2918 881
2955 -4697 9608 9300
-6347 -3727 4949 8980
1519 -3184 8926 -2200
-9040 -4100 -216 -3782
-8876 -9243 7745 5091
395 -8581 5609 6784
4656 -7609 7571 -7583
-6663 -5303 -3031 9970
-2769 -4914 4908 325
-8731 -3480 6278 7322
-3815 -5677 6020 4705
-2220 -6682 3532 5642
-688 2137 3622 7876
-7386 4222 -1947 9363
-9049 -5640 -6826 -5165
-3772 -9159 8247 -2950
-5222 -4949 5897 2513
4243 -6779 5892 3346
-5733 -4291 7964 5362
-3734 -1824 4647 7428
2613 1505 9655 7663
1813 -4186 3923 -721
138 -7202 3685 9618
-8263 -1072 6495 -536
-3315 -13 -1281 5419
-6851 -8968 7956 4252
-9583 -8397 -7286 9639
-3776 -2324 7854 4698
3156 -6803 7576 3700
-8698 5602 -2809 7984
7709 -2587 9602 7104
-5754 -3661 5558 -3630
-8677 -6112 -6189 5863
-6642 -7817 -1017 8183
738 -8589 4984 -73
-4738 -2491 5724 2680
-8996 -9051 1929 7299
-7959 -9594 -1431 -238
7019 -3129 8757 -520
-9086 -3194 -4692 4160
5169 234 9280 1568
-9159 -2648 -2381 8306
-6304 -9729 1435 4258
-1308 1800 8002 5759
3809 -5710 5966 5389
-594 -9914 8955 -791
-8982 5373 -1608 8639
236 -8876 2345 -5711
-4830 3237 -987 7707
1965 2253 5250 8808
-2932 1964 7533 6043
-9649 2549 9978 2989
3964 -7157 6103 6352
-9452 -9051 1790 2862
-5040 5237 9086 9925
-9714 -9856 -4436 5124
-8152 2139 3419 5245
3684 -9091 5567 4512
-4601 -6421 -1648 6080
181 3839 1429 5610
-5239 -4690 110 4451
1216 -2913 4230 8773
-8764 -2702 -5585 -1139
5260 6242 9018 9074
-138 -2469 -59 -2121
-9788 -9717 -7187 -972
3400 -8144 5417 8420
-6445 -7693 3003 -7304
-6747 -4580 -6531 3072
8036 -8271 8251 6212
-8792 -6842 948 -326
5888 921 9452 5416
-7681 -8751 -2441 4258
-6873 -7678 8795 -177
-8771 -9330 -7880 5679
-16 -8967 8105 6237
-5075 -1735 3423 8708
-9332 -8236 2857 6062
911 -2881 2712 408
-7838 120 8275 2838
-1194 -4932 1207 1000
-4366 -2257 -4129 3146
5786 7068 7920 7991
-3091 1988 -3015 5952
-426 -8880 3819 7078
1759 -9378 7158 6928
-246 -7030 2975 -1194
-5716 -9388 -961 9633
-8043 -9372 6076 3671
-4601 -8680 5144 4929
-8315 2117 7719 2525
-3566 -8390 4152 -8071
-2121 102 9493 6084
348 -2498 5543 4730
-9992 2284 2029 7067
-900 -3325 1577 -2194
-1222 -1325 5817 6953
7494 792 8747 6231
-3732 1609 3458 2050
4180 -3611 6144 8943
-5975 2022 -4607 8712
-4635 -6865 -691 -1927
-1721 -2925 920 7743
-9599 355 -119 1613
-5655 -1855 9976 -149
4449 -7600 5313 3130
7479 -1371 7989 1188
5728 -5931 7022 -1913
-4095 -6823 7716 -3824
-547 1646 8428 9741
-6881 2390 7542 9895
-4138 -2895 -392 3283
-8541 -3904 3022 4677
-4812 -6856 -1600 7504
-857 756 5661 1214
-4942 838 -4389 6760
-2886 7513 9463 9870
-51 -7199 7170 5771
1522 254 2060 1455
-8476 -1061 3752 1276
-1715 -8955 1187 4484
7829 -573 9944 7926
-6665 -3685 5465 -2102
-8452 -9563 6731 -8125
-2961 -9051 3186 -5523
-5152 -4264 -3200 9848
-4812 -8091 1630 3120
-5096 -9532 -923 6225
-7943 -5703 4469 4388
-6624 -5167 4926 -4559
-2773 -7310 2187 5234
-7163 -8549 6220 8525
-9974 -2925 -8611 3274
-5987 -7205 4380 7012
-949 -9599 22 6622
-9997 -5033 -2097 1083
2106 -3499 8351 909
329 1124 7628 6492
-5063 -8342 -1452 -2172
-5400 -8355 -3680 9664
-2397 -6464 4389 4399
-932 -9497 2553 8697
-2239 4973 8058 7864
-7819 -3201 7097 4064
4596 -3481 5100 4354
431 -8704 6747 -7600
-9057 -9200 6106 -6237
-1130 -8160 7539 4259
7537 -1961 8128 1283
-1631 -9575 22 -2458
-3938 -9851 3167 8135
-9724 -9227 9306 5127
-1863 -4941 4683 9252
-4935 -2678 2034 4115
-2051 0 5425 6794
-1176 -4362 354 197
-4141 -4075 1559 17
-6606 -8212 8319 -4339
-6469 -1336 5828 -430
-7411 -3632 2338 -1229
-4480 -8050 6270 -2706
-6616 -7013 -3971 -4495
-7788 -8443 8756 4852
197 -4866 5234 -4036
-5944 -7908 9979 2131
-6604 -8216 -480 5474
7732 -983 9047 2180
-4030 1047 -2597 2377
-5798 382 7674 3723
-3727 -4912 136 -2796
2857 -3916 9284 5727
3611 -4820 9204 5788
-3613 -9821 8480 -5458
-5918 -2 137 3234
-3414 -8866 8629 -4618
-3713 -5310 3002 3170
-63 -9377 3287 -4272
389 2671 3492 6697
7750 7740 7759 8662
-909 -1295 7878 -1043
-8290 1457 -1792 6491
-4121 5547 3795 6863
-7768 -5662 2475 6811
-8899 -4300 9574 2710
6494 -5373 8743 -5199
-9262 3813 3477 6845
-3270 -8546 5066 2984
-8304 -1745 -3725 4839
-4060 8441 8754 9242
-2002 -8533 6147 -1334
-7612 -8694 -1253 9700
-2049 -7491 8845 2030
-9144 -3120 4811 7472
-5054 -3571 2715 3554
-5961 -5892 6046 9680
761 -4561 6741 9394
3390 -4840 8468 -719
4217 -5878 7253 7927
-2739 -6294 9968 3178
-7116 6440 5697 6457
4521 -1898 4849 -241
-3884 -2079 3756 4913
-1785 -5908 7625 -4164
-1327 -3651 5260 8966
-5015 -6814 8950 -4761
-724 -7262 -124 9610
-7318 -5349 -3133 -2585
-4161 -3198 8053 9736
2164 -214 9556 7066
-5267 6690 4480 8444
2101 -4266 8557 6538
-7705 -4905 7740 9911
-1432 -4556 4358 -3958
-7654 -7530 2388 -1769
-9116 5129 2513 9697
-9132 -9574 9129 -2242
4187 -6092 9911 7151
-6284 -7837 -4989 -3212
4857 5634 7501 7325
7786 16 9314 1977
-7877 -9933 -6433 -4879
-6735 2301 1208 6326
7959 2992 8602 8793
-3546 7144 4253 9580
-5531 -9691 -4526 2717
-9217 -2764 -578 3838
-6380 1947 1018 5960
733 169 9976 8148
640 -4529 1192 7746
-2389 -7311 9361 -3769
-6427 -1895 595 -251
317 770 3213 9473
-5782 -8640 1153 -5295
-6431 -4704 -2592 -4066
-8172 -2531 -3117 4639
1308 -3915 2743 7014
-8048 -2403 9100 6425
-2971 -5204 7970 -4448
-2811 -6873 9895 -2534
-2715 -6855 9392 -3486
-7165 -7864 1738 6839
-8918 -9498 5759 6117
-4446 4877 9874 9607
-9476 2926 1979 8619
285 -9733 9522 9887
-2284 -7421 1413 -3435
-9050 6914 9163 9472
-1003 9199 2575 9327
-9592 -7338 -475 1475
-9616 -6479 -2554 -1139
-2740 5261 -2679 9539
-4688 -5559 7953 548
-9344 -9277 -4235 5822
-8005 -8710 6674 5091
645 -892 5606 1138
-5826 1688 -245 8148
-3612 -2173 6533 8262
3842 1895 8446 9165
-5791 5222 6198 5874
-983 -8825 3509 -3286
-7053 2863 3658 4295
-7297 -2133 5634 8046
-3613 -2656 718 4492
-3863 2264 1313 4684
-5222 -2087 -1344 5284
5071 2957 5119 9807
7739 4000 8791 10000
-6232 -819 4664 1203
-9204 -3502 8932 9435
5669 -9874 9268 2215
-1680 -6507 3854 -891
-5971 -4943 2390 -3336
-4320 2862 6317 4719
2613 4988 7174 7160
-1754 -6243 -552 -4152
641 717 9835 6009
-6247 -2624 4591 3550
-5119 -9976 9494 7463
5867 -236 6149 20
-9217 -1061 1748 214
-9979 -5049 -3638 9612
-5091 -507 4420 3244
-5137 -5342 3171 2473
-4071 7270 8748 8193
6131 6408 9735 7332
-9019 1083 7000 1880
-5975 -3213 4505 4390
-9022 -9000 -7223 -1635
-9793 -6178 -2019 1417
-5761 -7375 -4642 3677
-5958 -731 1311 7935
-1264 -2658 6101 6437
-2018 6667 5831 7483
-8386 -5803 3890 -1268
-5426 -3622 -1306 5236
-3378 -410 827 6751
-8513 1801 4124 7622
-2100 -5019 -785 -1131
-8668 -9182 -7414 9535
-8214 2737 1664 8140
-1391 -6322 6391 4299
5939 350 7074 4812
-3232 -6346 8128 8838
-8181 -6214 5649 -1562
-9278 3128 -4688 7584
-9178 -5033 2622 91
2456 2419 5201 3751
1452 -5634 6637 -2856
-1722 8232 7411 9769
-5564 1772 8366 9403
-233 -2035 8782 -438
-3301 -2007 8470 2781
-129 -4338 1286 -2884
-3729 -8040 2041 4836
-1448 -3634 8014 -564
-5153 1787 2011 7604
-770 -3471 3931 2268
-5535 -6368 1753 5677
6700 -8966 9661 2710
-9348 8317 6114 9265
-1240 -8269 1782 2667
-7580 6400 7031 8565
648 -6599 3944 -3191
-9155 962 826 4538
107 -4645 5597 2313
-9102 8026 -5287 8101
-5134 -1768 1311 7275
4389 -5943 8889 9370
5569 929 8883 2773
-5680 -4443 1601 4462
-1191 -6281 9957 -3872
422 4502 8398 7951
-9423 3147 -4036 5847
-4148 -3502 -293 -813
-7224 -6264 -3853 -762
-2946 5270 9876 6365
6254 2029 6488 4782
-2862 972 2504 2801
-9327 -9136 -6114 5170
-9737 -5835 2354 7300
-8396 -8381 8957 -5078
7122 -9335 8189 -7454
-4126 -3221 1582 4605
582 -3507 825 4549
-7757 -6275 3015 -65
-9227 -1233 7885 8972
2672 -8921 6940 6888
3946 7466 9331 8262
-5737 -4960 -4505 -2104
-8753 -9525 1957 4542
-1899 -5170 4158 8021
975 -5643 6651 2192
-9457 -8358 4728 -5517
-9160 -7387 -13 5201
-8383 7183 -7675 9373
-6472 -2018 6045 502
-7200 -3764 2251 -48
-3470 -8173 4351 5525
-9583 -7648 8312 -4365
6700 -9499 8692 8568
-7215 -4237 3443 -6
-74 -116 6655 8064
-4237 -9031 4804 -5413
-6893 4106 -5110 9425
171 -4564 5996 3338
-4846 -5171 652 7874
737 -3924 6051 2628
-64 -9871 3182 -7651
5782 -1159 9744 8804
-1741 1563 3358 9058
-6814 2712 -6178 9747
-8528 -9165 -3088 -8486
-4441 1123 -179 4240
-7401 -3851 -2437 4564
-525 -279 3000 4514
-9652 -7422 -6163 -5323
-2625 175 5660 4913
-8442 -5618 -5603 7671
1122 -7575 2815 -4506
-5896 2315 -4119 7727
-9397 -1252 -3242 4660
-2779 -2852 9126 -104
-9515 -4747 -4803 6145
-4570 -5154 283 -2517
-7249 -5027 3934 -2152
-6469 -6276 7865 -53
5859 574 8245 6923
3270 4714 3748 7938
-5925 -4642 -343 4540
-8750 -2976 3762 1942
-6069 -3587 -4682 -2062
-3740 -8635 -3391 8454
-6802 -6423 -5920 4047
-9942 -4924 8233 1334
-9474 489 6131 6521
5663 -8186 7300 2881
-8571 -7946 2675 9924
-9843 -4217 1505 -3604
-4335 -2676 -2674 6245
4797 4599 7344 7422
-5301 -1172 6215 1499
-8493 -5553 -15 -3923
-5450 -9491 -3697 -8624
6392 -9185 7765 2024
-7607 -7278 7823 4377
-7794 -783 9752 4563
-1009 -3336 -415 1558
289 2509 3962 5579
-9370 2016 -7566 5576
2037 1760 3491 5079
-1785 3332 5572 3994
-6994 -1256 -3287 2364
-6422 -3222 1856 9357
-3173 -2262 8701 8278
-8688 1890 5520 9228
7040 -8526 8684 7075
-1465 -5145 2340 2170
-7029 -8276 6705 703
-8842 6843 2777 8774
4400 -6309 7408 -4621
5309 -3490 8933 7958
5055 -1259 8084 7561
-4328 -9264 6268 2413
-4762 -3461 7203 6223
-6170 3911 -420 9307
-3835 -8876 4426 5
-2053 2887 7350 3896
-5087 -5318 1708 -4629
-2993 -8473 1367 -7301
-8207 -6692 -44 7184
-1433 -6474 7716 9949
-1806 -7867 4892 -1724
-9475 3449 9331 8014
-3034 5257 972 5542
-6938 -3354 22 208
-4062 -3396 3392 7034
-7619 -8976 7069 8609
8102 -7304 9367 -5690
-6889 -4548 -1461 6236
3037 3072 6015 7030
-3624 2274 5429 6489
-6794 -8973 9956 -1339
-2936 -6833 -1690 -3106
-2806 1953 8519 2923
-5427 -540 -1323 9478
-4712 0 2802 9773
1696 51 7700 8576
-3168 1777 1598 2545
-1065 -8395 4030 7975
-8293 -2975 5833 1663
-8972 -9851 3912 -2838
2154 146 4242 9241
-6046 4395 9218 8969
-2658 -6530 -2275 3897
-3435 7923 6972 9534
2580 -8919 8736 7481
3484 -4270 9418 311
-6344 -9010 2675 -4784
5611 -7966 6858 -2013
-9533 -1977 8425 9062
-8311 3485 9235 6270
-8576 1942 -3696 9176
685 -7384 7122 -4720
1641 -6339 8506 2038
-858 -8893 4553 1289
-6278 4997 -4551 6175
-592 7008 6765 7624
-1563 6377 -1419 8967
-4105 1376 8808 3207
-1471 -4268 4082 -2875
-5024 -5152 5760 -2031
-6952 -3286 -239 3570
-7006 -6080 4204 9096
-7960 276 839 1500
-9700 -9583 -4644 -8042
3356 -9275 4015 2825
1064 -2469 8089 8728
-6282 -7777 5123 -769
-4130 7610 885 8618
-2125 1775 3565 4089
2272 -8648 3551 -3093
-1357 -9103 6033 -5008
-3183 -9696 -589 -7818
-3049 -5818 6113 -3737
1218 -9321 1269 6890
5900 -4297 9863 7376
1028 -3260 6854 1647
-5872 -1055 685 8288
-7937 537 2144 1855
-6517 -2032 7463 232
518 -6067 1672 615
-627 929 7990 8120
645 -9348 7858 -5883
-2412 1761 4701 3134
-3529 2921 6362 4598
-7704 -8165 -5436 -4495
3757 1259 7299 1265
-7341 -8870 6583 338
246 -1773 3805 7829
-9428 -8020 4802 -1827
-168 2673 7396 3198
-7915 -8811 -1681 -8147
-6719 -2231 -1286 1073
-9302 -3412 -4182 3914
4959 -7575 9547 -131
-6305 -9431 -1434 -7659
-7161 -9575 9748 -6731
-3570 -9731 8996 -4705
-3873 -736 4072 -624
-4884 5479 -1816 9125
-2209 -2728 2207 -432
5541 7898 9751 9596
-330 -8122 5476 7580
-350 -7491 4265 -4712
-3451 -5108 2702 5733
-6211 -8445 -2120 6170
-9380 2780 333 7422
3777 -6560 9635 3785
-9641 -9861 -5924 -9822
-5290 -5902 -2212 3175
-4459 -1036 910 -184
-5751 -5369 -3889 -1943
-9909 -7281 4291 -4186
4936 -9123 9276 4441
2960 -9048 5818 2276
-5114 1014 -1194 6486
2720 -8340 6624 -1510
-7512 -9662 6831 -7504
-7275 -3412 -5476 5073
-5936 -4194 -826 9082
-8609 -6458 -6021 -1203
-5993 -9114 3499 -3044
4631 -5127 6507 920
-2490 -4672 -150 8737
2669 -8227 8184 8693
4443 -3441 9074 4846
-1885 4755 7793 5791
-1070 -7279 6855 8
-4831 -1500 6096 2702
-453 -8065 8608 -2411
-6591 1868 2314 2131
1211 -1733 8377 649
-1692 -7479 2679 2145
-9216 -1653 4112 5422
918 -7178 1266 -7162
-928 -4971 -539 -2273
-8853 9254 5007 9704
261 -5602 4265 -5109
-9836 -4416 -1294 6469
-6811 -4469 4710 4915
6533 2879 7032 9874
337 -8958 8241 7705
-6463 -4952 -4976 2106
-5648 264 8893 8001
-6320 -8082 -1587 4550
-815 3834 2629 5766
-5704 6475 -3757 8555
-2506 1730 1527 7786
-4173 1937 -879 1953
304 -7158 6657 6547
7049 -4432 8827 1886
-36 -1027 4355 7050
48 -7227 6385 124
-7931 -835 6564 -805
-666 -9154 3113 -5840
-9451 -3406 1743 9114
1857 -9854 7201 9373
-1186 292 4589 5008
-8762 684 4936 4644
-4835 -601 5261 -445
-3852 -9729 4445 8564
-7916 -9831 6382 -6175
-8927 -5948 -6591 -5662
-8814 4604 9324 6555
-9392 1138 -7640 6255
6422 2659 7514 4093
-5952 -8540 379 -8306
-8636 348 7694 402
-4956 -3071 1777 1846
-3702 -9728 8379 -8027
-558 -5355 4431 8024
-7024 -3265 -3788 882
-2930 -2333 4765 3149
-4377 -736 -3613 9143
-3264 -6902 3421 3556
-7916 -6022 -2714 -2384
-6366 -5509 -5107 3376
3792 -9444 4641 -943
1709 -41 3381 1067
5343 -595 8617 2796
2084 -3322 4023 897
-4286 -1440 2242 8632
-2822 -3699 8871 6561
-5986 -4103 -3163 1305
-6175 3955 9199 8174
-4792 -6865 1914 9575
941 -5899 6964 9340
-8362 -7891 2841 3772
-5168 -2724 -187 -145
-3212 -71 4642 926
4178 -671 4974 1222
-3232 -4202 8271 -1698
-8838 -3204 8032 2322
-9946 -8043 5781 8347
1641 8334 6666 9770
-2239 -799 3334 4803
-8349 -6647 7676 6320
-5354 2860 3328 3351
683 -7568 9704 6367
-6739 -9394 9329 -1813
-7559 -3518 2209 7605
6760 466 8546 2978
-2211 -8225 8456 -1116
-4340 -7187 6786 -7021
-9935 -7462 -874 8643
-6353 -9846 613 3077
-2039 855 6317 6915
-8282 -4076 -5425 -1069
1829 -931 2020 3709
-4966 -9378 -4818 -2802
-1147 -4071 5517 774
7452 5116 8747 8701
-2866 -9098 233 8577
7975 -5812 9948 -3097
-1862 -8583 3528 4905
-1195 538 1193 1426
1727 -1308 7865 8435
-7762 750 -6101 7049
-8588 -73 -7320 2973
7853 -3056 8649 7337
-1875 -5360 2473 1725
-4480 8808 2835 8940
-6515 -4957 -1655 574
-9313 -6914 2831 8577
-9388 -6976 5015 2751
-7442 -8283 -546 -7590
-9675 -212 -2424 7523
-8270 -8863 -6137 -2357
-9420 1346 1955 7849
9082 -3740 9965 647
-7555 -6689 9919 1973
-9522 -1355 10 8241
-4466 -7856 7974 1557
-3589 -981 8745 1670
9465 3734 9698 9805
-6349 -2394 -2436 4748
-6617 -9440 -1760 2807
-6046 -9486 -84 4442
-8225 -2485 -7750 7011
-2513 5637 262 9622
-8406 -1697 5451 7110
-9759 -8174 4146 -1282
-1610 -4747 666 5937
-1160 -5720 -240 9321
-3557 -165 221 9402
8247 -6438 9465 -2877
-5490 -3050 3022 7142
-3730 4468 4578 4643
-4348 -3842 3370 6456
2448 -8911 4010 -2844
997 3903 2666 8671
-6879 -5759 7892 -2335
-9908 -2875 701 -241
-6946 -1408 8687 5041
2952 -841 6673 6038
8031 -4763 9024 -2209
822 -6567 3788 7545
5973 -5609 9383 8762
-9415 1153 7244 5077
-2765 -8351 5639 6845
-118 -8221 9949 -5741
4345 -6201 5989 4334
-4713 -1712 8801 260
-1495 6172 -1364 7986
4473 1366 4830 8844
2272 -9420 5207 -1297
8646 -6074 9433 -3459
264 3402 4479 3865
-8345 -9059 -5187 2035
304 852 2390 4787
4033 -4899 4182 -486
-2347 4420 7201 4723
-9836 -371 3968 2391
2662 -5216 9962 5824
-4309 -2244 4573 6372
6837 -1149 8472 7068
-9649 780 -6951 9740
237 -9857 3602 3971
-3556 -4208 -1607 2505
6176 4636 8899 8163
5089 -3676 9939 8173
-9433 4596 9152 4705
-5399 -4514 -107 -2418
1617 -2518 4433 -200
-3690 -8829 5230 5806
-4016 -2184 1932 6643
-7026 -7197 2553 9125
3647 -5269 9388 -1603
-5503 -2444 -1753 -1881
-4404 -3493 8449 -1715
-4363 -9018 1092 1866
-2175 -4424 2020 7913
4327 6782 8033 6797
-7105 7889 -2625 9203
2566 6531 6319 9535
-5779 -819 -1919 5374
-9552 -9848 -8473 5969
-851 2419 4951 6483
-6121 -2841 1080 8182
-6207 -3583 -4653 -2622
-5819 1892 3507 3792
-6013 -3956 6671 8867
-8472 -605 1365 8207
-3652 -4897 2296 -4787
801 -4462 8805 9915
738 -4010 7845 7529
-8843 -7631 -6272 1573
-3869 2743 8823 7739
6305 -6985 7871 32
-6063 -7820 -2125 -6158
-1488 894 7115 2032
4775 2877 8276 9475
-5640 -2082 9376 -1313
-8848 -2846 -1148 -379
-2725 -9535 -1554 5104
-463 -7158 4252 -1317
-8345 -9337 -563 7234
-2921 -8197 9932 430
-8446 1166 -1179 2646
-8 -8530 1642 -6287
-4408 -7417 7709 8547
-7625 -6470 1141 5761
-4521 -635 4668 9065
-9474 -8575 1889 9932
-1790 -3986 6867 7072
-7279 -587 8662 4641
-9639 5637 -468 7452
-6569 429 -3489 9955
-7378 -7875 3803 -7188
692 -2771 2425 -1718
-8891 6233 -6532 7219
-3220 -5750 8550 9491
-8671 -4003 2254 6237
-9216 -7426 -7413 -6149
2336 -3570 2438 -896
-4665 -737 -2293 6321
-5022 -8595 4101 -7905
6194 -7123 7948 -5097
-9322 -7164 -1023 -1252
-4507 -7952 6182 -5507
-6425 -7206 2975 1390
-9330 -9184 -1722 2950
-3605 2905 920 9686
1832 -3825 3616 5179
-7029 -5948 -6684 -4290
-2512 -802 6655 5345
-2099 -5689 5055 -3713
-7953 3848 8809 9831
-259 2381 8429 7001
-1050 -3252 3455 6584
-1998 -6154 6474 7012
-3821 -5971 -1955 -3058
-102 -9091 347 3950
-4293 -8089 1085 -4840
-4468 -2136 894 28
-6682 2787 8072 4760
-5814 -2595 -5000 -2464
-3459 -8981 2048 -3581
-2915 -1629 -2610 4537
701 -4637 8988 5227
-3284 -7410 602 6599
14 -9931 6629 3539
6765 1065 7738 3093
-7624 -7414 -4107 3149
-7859 -6323 -931 3241
-725 -9668 4872 773
-8857 2094 113 2609
-6677 -3429 2832 5591
4166 -9656 6505 -5026
-8140 5222 -6365 6240
-8708 -5475 -8602 1913
-2559 8223 855 9481
-1397 -6955 4006 -5759
-7914 -3214 9468 954
-3456 -9463 4689 -5224
-4055 -8814 6827 9332
-6515 -4804 5179 8038
5703 -2184 7390 612
-7193 -5957 -476 5467
-4988 7388 9514 9102
-4226 -4275 3935 8236
-7368 160 9851 6028
-3135 -9558 1945 6859
-2585 -3795 4377 2643
8268 -7674 9285 5314
214 5753 7581 6364
2021 -5167 2885 -4903
-7918 -863 -605 6569
-9032 -41 -1956 2900
-4728 -4675 -2985 315
-2376 5775 5987 8433
-7336 -1985 1345 5278
-7107 -6490 -6522 3448
2106 -7786 7570 3947
1875 -4318 5668 3467
-3168 -8844 575 1838
-5801 276 8623 6027
-8085 -9050 746 -3653
-6956 5725 2574 9514
-4048 5986 -3776 7531
-9479 7098 5727 8830
-5248 -8871 -2955 2242
-8852 -725 -7584 8645
-9613 -8829 5549 -5430
-5738 -8691 2395 -5495
-9099 -2761 -2577 -2202
-2986 -7303 9250 -4672
-3246 -9179 1425 5857
2772 -695 6912 4963
-8965 -9894 -4695 -4479
-8491 554 177 2217
-7581 -9219 7591 9522
5397 -4534 6224 3778
6975 -6607 9685 4955
-8270 1379 9901 9770
-7947 6728 -5061 8367
-1416 4017 -933 6403
195 3541 9113 6126
-3078 1588 4028 7923
3344 -8191 4338 4190
-5628 -7561 8138 9493
277 399 2532 524
-803 -9107 9826 641
1680 1822 7035 8665
-5219 -8990 2285 369
3197 5845 5080 6597
6067 -752 6630 6465
-7488 -1935 9894 2610
711 225 7113 5277
-746 -9547 2217 5691
6647 1559 8870 9548
-3820 -4956 9991 5556
3511 -7347 7579 -1198
-4826 -2726 2389 8658
-1769 -8046 -909 -3077
2888 -2928 8089 634
-1351 -6249 738 -5528
-7095 -3670 3652 3274
1831 -6584 4251 -6566
-5970 5248 -5826 9686
-3702 -7491 8448 1876
-5991 2090 -5089 5339
-8093 2651 1476 4730
4550 -1510 5148 9087
-2806 -9395 9343 1304
7382 1472 7679 3796
3192 -1245 4517 3092
-3631 1039 782 2283
347 3276 5842 4714
-9533 -9904 -5834 8632
4297 -6837 7756 -5582
-8154 468 184 2053
-9935 1120 -7585 7383
-7417 712 4237 4257
-6120 -2595 5670 7861
-882 -2148 1983 9002
-1904 -4446 5328 4576
-500 -9462 -126 -5789
55 4427 4602 8769
-9656 -5449 -248 1227
-6135 -520 7531 8978
2938 -8512 8185 -6661
973 -6414 3634 -3918
-7733 3904 3071 6582
-3896 -7822 -72 -7612
-4180 -7819 7196 -4235
3110 -1435 4396 3272
-4068 -4697 1011 7078
-3096 -1333 9481 5280
-7721 2259 -6625 3805
835 -4084 5658 5137
-9069 -4443 -1363 8782
-2906 -8662 9409 -5608
-3244 -4831 9913 8493
-4738 -5833 5627 7969
-661 8914 9842 9077
-2202 -3943 8964 9772
-9989 -8299 -184 9218
5475 -2539 9307 5488
-453 -9787 5669 1720
-2911 -8898 7589 -1580
-9871 -8090 4557 -52
-2202 5800 5851 9945
-930 -8836 1467 -7442
908 -8136 7093 -2135
-5686 -9297 4902 -117
3113 -2452 7924 2288
-4706 -2201 -1674 7633
9312 -9981 9494 8832
-8831 -9089 5822 932
-8823 5499 2851 9687
1188 -2697 6054 8039
-3569 1878 -990 5775
2475 -1544 6043 6812
-7460 -40 5725 6039
-9601 -4508 8406 7765
-4537 -4007 -4352 4676
-6484 -7844 7925 -2838
-8784 -5787 1285 8432
1480 -3714 9547 -1290
-4189 4619 -2131 6285
-4156 -5646 1478 -2579
6410 -7370 9020 3989
5817 -6459 7736 2075
-4057 -9542 -3315 -1882
-4045 -6122 9976 -5526
-4809 2040 8482 6820
214 -2880 5741 8098
3266 3111 7285 4932
-3112 7007 8025 9664
1109 -5069 4623 685
-5882 -8652 -4601 6851
-5470 -1374 -1694 9507
-6631 237 3347 1285
3550 -5975 7751 4142
-2069 6159 3485 7831
1105 566 1861 1836
-6677 -5508 -6465 -2081
3156 -6847 7004 -6502
-9267 -7576 -4045 1834
1091 -7986 9504 4160
-9099 -8458 -1306 4869
7489 -9127 9848 8831
-4100 -8209 233 8392
-1060 4621 8349 5926
4554 -5292 9985 5237
-1731 -9992 6096 -5993
-4891 -8763 -2233 8409
6870 -1548 8644 1045
2488 -4801 3010 4391
-6848 -6848 3322 265
538 -6016 565 8820
3278 7886 6286 8714
-414 7080 6078 7850
-3204 -6885 -2163 -2004
-3756 -2273 -2150 574
-6966 -228 -5623 8835
5531 -8292 9590 -334
-2754 3469 9594 4282
-2385 -2550 4054 8601
-7906 625 -241 931
-9211 -8435 -4807 -3349
5498 -9296 8532 -3128
-5334 -5644 -820 6869
-8065 -7761 5447 -6397
-2508 -1745 6680 1171
4085 -8174 5837 -7450
3062 -5589 8907 -2590
-5874 -5199 -246 8561
-7832 97 -2460 2571
-9738 -7608 7071 -2798
-9206 -6445 -6819 6431
-2470 -5797 6149 6423
-1786 4110 -1442 6372
-1909 -3852 9381 3752
-8553 -9087 2412 -524
-3556 -9068 -3408 -7754
-8939 -1498 -6797 9262
-1272 -6826 2968 4168
-5334 2582 -1523 5201
-806 -2729 2501 7555
-9367 -7489 7701 9663
-5126 -8544 -2087 -5094
-9660 -7482 5368 -4461
-6933 -9084 8432 2654
-6476 -4352 8795 -3886
-7279 -1478 3531 6825
-8442 -2839 -4414 3605
-2515 -7032 9828 -6538
-2723 8457 6789 9311
-2719 -7377 7979 8884
-8612 -1616 -353 2446
6933 -8891 9335 2564
-4553 -1862 -3867 220
-2182 7938 -670 9407
-6601 -1588 8654 9500
-6519 -7439 2389 -2273
-6707 -2838 7510 9627
1332 -9897 1886 -9890
-3990 -1455 3414 4563
-953 -8890 1541 -6236
-3089 4306 -1732 5537
-724 4615 8173 6677
-1909 -9272 -1565 1223
-3746 -6337 -3038 8783
1030 -2047 4800 7118
-877 -148 4656 5794
-5568 -6847 -725 -3338
-9502 -4906 2298 8879
1156 -5770 1406 9188
-6299 -8567 5745 5874
-4194 -4052 2957 4178
-1744 3249 -595 7139
-4313 -4382 1263 7786
-8970 -4566 6051 9507
-8970 5717 8951 6145
-6412 -701 6831 9432
-8090 -7982 4304 -3801
-8773 -8435 -5154 5306
-6199 -3791 3932 9040
-7812 -8459 6823 6717
-1941 -2682 8420 8551
-4418 1524 8892 6006
1767 -1642 4560 2525
-9284 -7083 6520 6326
-7368 -2065 -2557 -2046
1021 6901 6816 7647
7551 -3868 9497 6845
-5442 -925 6996 9190
-4712 -4079 5647 6007
-5673 -6168 -329 9621
-8839 3959 7654 9338
-1178 -8542 341 -220
-7438 3935 -4163 6149
-2567 -8970 2445 2573
-9102 -7516 6975 7221
7739 -479 7872 -104
-5779 -994 1147 6438
4252 4889 6842 8846
-4427 -189 -4410 117
-5476 -3807 9435 8003
-4238 1667 4581 8848
-8011 -5300 8099 -4266
1365 3870 2525 8472
7717 1206 8923 7025
-875 -9247 8877 4812
-2997 2364 5837 6966
-4722 -945 -784 6449
-7231 246 -4818 9050
-3554 2246 4619 6869
-7522 -4481 -4786 -1685
-9233 -60 2818 3078
-9877 2135 -1678 6497
-3791 -4045 3381 9249
-1770 -2777 713 9124
-9293 4594 -3544 9601
-5293 1403 9924 6646
-2752 -9356 7317 -5709
-7617 -1217 6635 6391
-2926 3347 3157 3815
1615 -5616 6552 8540
1694 -8516 5815 -3100
-8433 -6267 859 -822
-7168 -6262 5244 -4119
260 -3927 5646 -756
6077 801 8958 8164
5701 -2133 8343 144
2674 -9206 9297 -603
-9840 -2450 2754 4152
-6041 -2440 9997 6190
-9424 2886 8844 8221
1392 -3995 8971 9086
-9509 5 1801 2445
-684 -8859 9798 -6041
-1569 2497 -781 8756
-1174 -6113 9874 -3733
-7817 -9168 2227 -4311
-6776 -2415 7983 6173
-6122 -9261 6782 8281
5529 1437 9271 5419
4645 5091 8069 9545
-6485 8031 7771 8703
-3341 -7422 5557 7639
-6401 -3984 -733 -6
-3229 -9878 3061 -6151
347 -2354 9564 -21
-9677 449 -931 5505
-9902 -9088 9882 7441
1940 1421 9287 6351
-2644 -7709 6934 898
-2189 -2973 4089 -1800
289 3637 7558 9635
1422 -5031 3870 9476
-1812 -5339 7146 2489
-6821 1318 9246 9104
-6664 -7326 3526 8373
-6938 -7039 -3270 -4581
-9762 -8055 8062 9837
-603 -5573 8110 5814
-4848 -3040 3055 -465
-8115 -965 -4472 9917
-5699 -3118 4385 3834
-6406 -6533 6643 -6532
-9598 2619 -2776 2873
-2414 -9011 1228 2070
-5998 327 6946 402
-2156 6503 7904 8323
-9608 -8925 2902 4174
-7063 -5013 4057 7396
-4586 4346 4977 5795
-2635 -9706 5741 -7870
1214 -2261 9813 -250
-9642 -9732 -1257 8314
-6171 832 8376 4531
4610 -1357 7694 -378
-361 -3555 5585 -2927
4728 -2286 4766 9926
-3109 -6122 -3005 -2600
2941 3148 3992 3815
-8420 -3781 4793 8206
-7964 -5166 6874 337
-9681 6436 -533 8783
-7553 2859 9547 7935
-1098 -9840 5594 4151
-5388 1569 -3926 9848
-3518 -7272 179 369
-4291 7388 -80 9579
-9393 -9069 3767 -1797
-4218 -9687 7503 -6131
-9267 611 9511 2013
-3160 -4335 743 2163
-8983 5411 6267 5520
-3658 -4495 2282 -3056
-2946 -4381 4564 4711
-8067 -8810 -6439 -8635
2616 -4879 9461 -4561
4953 597 6616 1771
-4997 -2225 -956 4450
-5587 7059 1169 7154
4307 -7396 7038 7460
-6285 -8373 2595 8595
-8822 8520 3097 8955
-8895 -4501 8564 2996
-8751 -9867 -4789 7198
2122 -1006 4098 1279
-5729 -9359 8364 -6870
-2930 -5176 8096 -1180
-4169 5449 4516 5663
-9102 -501 4943 3523
-903 11 9797 674
-7741 -5903 -7686 719
-5109 -6273 -932 -2013
-5415 -5471 -866 -3128
859 -6039 2549 -5705
1452 -2841 1988 8099
-8681 -1039 -6003 110
-8862 -7416 -6859 3329
-6963 4917 -4974 6813
-4740 -367 2233 6680
-8455 -4663 4442 1954
-5301 38 5215 5000
-5767 -6369 5440 -2414
3432 -3080 8437 5285
1928 964 5846 4036
-9468 -3249 -3928 -3198
-4540 -7889 8934 -90
-5931 -6939 1461 -4803
-1403 -1070 9639 8798
-2076 231 9679 2517
1347 615 5204 1095
-4373 -7565 2125 5050
-144 -8948 7404 -8540
-9605 -6512 7938 8901
2258 -3260 5987 6599
-5334 -8914 6874 5236
-5984 -4932 -5359 -2181
-9741 1233 -8284 8501
-9341 -18 -7566 6321
-8634 5369 5177 9200
276 2438 6242 2922
-6963 1688 -5665 7934
-4812 -5863 -3217 5607
1420 131 6156 8844
-8650 -7051 -4144 1344
-6204 -9581 -4122 1819
-4916 -474 5335 9915
5416 -6591 7226 830
4940 -7520 6922 8265
3931 -2367 6734 5728
-7998 -6060 -5490 3370
-8208 -6481 -3234 8539
-688 1705 8387 9820
5777 -972 7794 14
-6144 2777 1754 4702
-6128 -918 5016 426
-9370 2211 163 5266
-3031 2468 2330 9232
5341 -9549 9872 9952
8613 8815 8919 9762
-6034 -7237 9856 1423
3804 -9791 8433 -3792
7816 -547 8428 7505
-8470 -4952 3044 -794
-8459 2155 -4493 9428
917 -192 2211 8708
-4083 6469 8590 8300
-2571 8376 8140 9368
-6760 -8314 1552 55
-8882 5750 3855 9466
-8693 -3302 -4629 -807
-4937 -7168 8830 1774
-7490 -7066 4994 -2226
4325 -2077 5229 7260
-3936 2982 4414 4969
-3311 -7601 -3287 -6356
-2997 -7742 -1328 -7724
8632 -5984 9130 7076
-4397 -5119 7473 1874
-9904 -7591 547 -5704
2796 -1359 8409 5502
-2655 -62 9258 5958
3985 949 5207 8102
-3449 -1520 7485 9251
2913 5341 6967 6424
-3178 -9596 7483 -6015
-945 -4942 3293 8422
1892 -2355 2405 4704
-6633 -7429 -5456 1812
-7841 -660 -6390 5579
-8421 -6821 -4484 9788
-6114 -3554 2336 4013
-5360 -4235 4571 9271
-8464 1841 7563 5985
105 -8019 2344 -5293
-9868 -4080 -620 -856
2762 2307 4051 9993
-4610 -5923 3837 4403
-8933 2454 -4976 9534
-3008 2742 1140 8434
-5170 -9768 2665 -8783
-7209 7956 -1828 9909
-9577 -3341 -5053 -1906
-8733 -8896 2117 -2488
-567 -9380 6244 4549
2062 -441 7054 6313
6857 -1459 7283 299
-3598 -5508 4935 5866
-6168 8464 8040 9950
6580 -3750 8398 6402
-3507 -5613 -2985 8637
-8907 -4341 421 -3608
1425 -4027 5146 3946
-8691 -7068 742 8756
-652 2393 2227 2929
1153 -7111 1790 -6556
2001 623 3794 3091
-10000 -7600 2293 8172
-6490 -5918 877 -3752
-9252 -5154 -5241 -1732
-2925 -7261 -2012 7020
-9183 -4764 7714 -4249
1701 -8417 7328 7105
-4261 -593 1151 9681
2373 -3598 4803 9195
-8560 3806 7815 7318
7735 -5158 9153 -1280
2100 -1222 3487 6368
2512 -9536 2951 -6702
-1438 -5285 2235 1425
-3426 -5329 995 2282
3547 -7887 6673 4718
-83 -9863 1959 -3751
5356 -5313 7290 2703
3265 -7110 8308 5511
-915 1273 2568 3661
2695 -8672 8977 9050
-3457 -2252 7005 2900
-2836 -4505 631 1224
355 -9118 4420 -5793
943 -3553 6364 -469
3800 -3981 6471 8267
-6873 -7921 -5345 8627
-1014 -5933 3809 -4833
1457 6423 6972 7781
1094 -2091 9778 5575
-6358 -3027 -3910 -699
806 -7386 7970 -4253
-5378 -1335 1319 4709
-2536 -4675 7756 -2082
-1097 -2601 3576 4083
-2662 280 -603 2476
-7236 -8948 3011 -7847
-4603 -6435 6877 -896
-578 -9327 7643 746
-2000 -8270 4868 -1741
4257 -8843 4909 -1040
-6503 -4146 5265 846
-5776 -2850 -4102 3827
-5488 2734 -2460 8923
2809 -235 4776 -4
-6150 -1715 -1152 600
-8025 -6825 3638 6037
-2146 -9796 4123 -2369
-8506 -9566 -7676 -3996
4169 -5936 6366 5987
-2429 -5573 -915 -1227
-2552 6263 3878 6764
-5559 -2110 264 6829
-4970 -3353 -958 -2690
3546 -7272 6512 -5557
-6882 1570 3803 7065
-8199 -9770 -3919 -2159
-479 -7485 9537 3715
-4211 -2414 -3994 8092
1784 -9097 6638 4311
-2417 7547 2266 8671
-5454 -9806 9438 9039
1039 -3623 1226 -2636
1355 7509 8157 9777
-8112 -7896 9782 8849
-457 -1562 6672 6403
1318 -651 3313 2587
-3134 -5173 6638 -4568
-8756 -3618 -8552 7703
-5950 -2848 3807 8651
538 -5462 4048 9279
-592 -3089 1343 3705
-2895 -1016 9750 -442
-5345 -4287 -4560 -2601
7845 -8456 8565 8732
2093 -6416 9704 4097
-8904 -4997 4641 994
9295 1330 9987 9995
-7326 -4333 8048 -2402
1542 -7738 2102 -4070
4006 -9980 6580 609
-5615 -6914 4138 7185
-701 -9468 3612 -68
1713 1581 7611 8141
511 -5732 3351 2401
2357 -4583 5925 4968
-388 -5141 3151 2178
4598 1498 8324 7353
3211 3648 9415 7556
-9830 -5472 -2049 -4744
-7320 3952 -5112 9083
2160 -6378 4086 -6094
2986 -5722 5843 4264
6057 3613 9989 7289
729 5941 1195 9106
-7179 -9626 1346 -1717
-5243 -2310 16 7091
-6510 -2125 5836 2507
-9464 -8807 5652 4262
-4931 -1938 -3114 5106
-1460 -9930 3346 -8468
2498 2285 8817 6618
-7377 -8737 -6137 6052
3359 -4714 5015 2839
-9254 -2115 4777 -1980
-8186 -6762 -4631 5828
4347 -5545 4790 9438
5760 4309 8143 4615
-6533 2110 8170 7855
2261 953 6242 5510
-8092 -7921 -6020 5232
-6734 4364 3080 9612
6351 -9121 8829 9240
5518 -6309 6894 8133
-578 2870 8653 2895
-8541 -3326 8979 9983
6804 -9608 9968 4271
-8244 -7258 2866 8647
-2581 1135 -1852 6065
-5345 -8729 -1158 8092
-6430 -5531 -4679 -1088
2134 3189 6453 4854
-9487 -9866 4092 -8689
-3501 -1441 9909 578
-8247 3727 1346 5928
-9965 1930 -1788 2818
-3198 -1591 6832 6951
-3722 -9672 -1558 -2394
-3713 -9653 3373 -6482
-4178 -8276 739 -3545
-2928 -9225 3791 -3218
-833 -8451 1124 -8123
-2276 -5264 1945 1812
181 -9610 1144 8369
-6577 1175 2771 6789
3157 -2455 3744 6588
-4691 -2151 4269 160
-6118 -9466 8396 -3231
2023 -3717 6850 -1186
-4344 -5097 1593 4719
-4501 -240 1872 7542
370 -9897 9252 -4969
-4402 -7901 9373 519
5671 -106 6609 4743
-124 7267 8853 7750
-3071 -7915 -2873 2316
-4230 -7758 104 -5991
-6711 -3370 -2449 7593
-3920 -2148 8428 1476
-7342 -7773 -4860 -5578
8602 1819 9697 3584
-2690 -5153 2219 1184
475 -6144 1500 3815
1759 -1086 9975 4401
-5124 -7609 8563 -2583
-9308 -8789 -743 5555
-6969 6944 4172 7159
-3720 -2707 -3185 8627
4595 -8242 8150 6628
-6209 -6698 -2376 2123
-114 -2416 135 -2163
-2359 -7563 146 -5323
3776 2542 5482 3724
618 -28 2209 851
-8604 -8592 5133 7690
-7549 -6468 2148 -5406
-5473 3043 9784 3098
-8684 2959 2472 8124
-1404 -8798 -377 -3886
-7397 2921 6083 9318
-7894 -5232 9336 -2216
4731 -9578 7198 9360
-6047 -4875 -2582 -728
-6654 -9341 -3996 -1746
-6318 5004 -6152 7115
2186 2206 7988 6314
-1898 4043 2857 4242
-624 -321 -323 4002
-8825 -8108 -7728 -151
-3758 -9801 9192 1102
-6528 -3860 -262 9945
301 -7735 9727 3050
-8762 -3487 9683 5287
-1725 -7390 3716 -3422
-2363 -7057 2649 3110
5436 -2561 6366 6965
-5703 -7864 7334 -7637
-6208 -9209 -5168 -4745
-6086 -695 1785 -299
-9811 -6313 9982 7157
-3514 -7056 -2508 9244
-9775 7412 4088 8426
-8522 -5856 -3929 7675
-7424 -2097 -3086 8517
-2697 2724 5265 5666
-7273 -363 -2551 7763
-5734 -3678 7238 9402
-6342 4268 2603 9626
-799 1010 781 9185
446 -8319 6520 -4776
-9334 -4534 -2327 -4508
-1597 -7953 450 9940
-6627 2865 -2192 3918
-2955 -9165 2951 -3655
-7852 -6731 9130 -4051
-5863 -4813 3861 -1107
-5656 -681 -1321 9516
-960 1520 605 3167
6031 -7284 6705 -3907
6505 5357 7621 8547
-9091 5424 8826 8040
-9664 -9599 7844 -4078
-4268 -5254 789 -3469
-9221 -5158 5521 6813
-7152 -8956 -29 4816
-8425 -8646 1754 -1535
-9500 -6630 9490 3019
-2367 -3584 9566 2801
5714 -9157 7837 -5672
-6708 -2083 6447 -524
-4766 -9980 -232 -1598
-9349 5351 9328 7607
-5879 -4548 -3652 5753
7569 5020 9165 7377
3948 -2745 5390 769
454 -2525 9674 4112
-8505 -9480 -1650 -4528
-3808 -5952 -944 -4036
-5111 -948 386 6037
-5027 6368 -3431 7583
-8622 -1523 -3529 7556
-6467 -6397 -5631 -6086
5380 -6429 9210 719
3945 7945 4476 8194
-9530 -4114 8453 -3738
-8700 1271 -5301 8029
-2156 -9835 -935 676
-5739 -7889 3799 -1914
-4405 -2055 -4090 6071
-1340 -2124 1939 3302
-1677 3073 6618 9925
-5511 187 -3528 2829
7879 -6364 8283 1045
-8822 -7675 454 3632
-8113 -9182 6299 -13
403 -609 7267 5670
5511 -6467 7977 4605
-7789 -373 4307 3081
-7847 -8216 -3074 6957
-5394 1516 -5012 3554
78 -1933 1429 3577
2410 -7228 7793 5904
-8300 -5514 3990 9669
6343 -7170 7912 8471
-8835 -6054 891 5094
-2154 -3934 3590 8683
-2462 -9740 7647 6268
-2363 -9002 7529 6126
-7430 -4377 -5996 6051
-6560 643 -2158 6523
-558 -2890 9751 600
-3596 -6039 9674 7069
-1778 -3140 9131 7181
-3652 4180 2361 5950
2857 -2920 8592 4987
1855 -2613 2749 8540
-959 -2514 -193 7439
2386 3353 9777 3761
-5575 -3288 1668 5290
-1954 -8179 8798 1751
-5143 -5027 -4684 8169
-3065 -3101 4445 1267
515 -7550 6238 -5860
2827 -8585 8995 -4722
3716 4525 7895 6040
6402 2407 6566 8652
-1451 -2104 -918 5566
-7327 1090 4063 6397
-4236 -5587 -1669 2947
-7443 -5617 1471 2724
-5785 -2038 -3703 722
-8956 -9466 -8367 5375
-6394 -5460 -159 2743
-7741 -2701 -1856 7189
6507 -952 9582 4434
-5911 -9639 6775 -4123
-5057 -6845 -4617 4509
610 -3420 1413 -332
4915 44 7428 9040
-5383 -9565 4057 -1213
-7179 -9216 7217 1413
-1036 -6778 3885 2307
6131 -2128 9703 8178
-9623 1242 -1491 7676
2949 993 9993 6712
1775 -6361 7912 -4829
9111 -5555 9761 9440
-5224 -9617 -2634 -6806
-7394 1248 7064 5013
-7892 3763 -235 9022
-3096 -1771 57 -632
-9135 -344 166 1784
2369 -6089 6762 5144
-3190 -3849 -3059 -2435
-5121 -6242 5052 -5829
-7394 763 811 2847
-8085 -3249 3122 7189
-7299 -3038 8207 3928
-9556 -3606 -563 -2178
4234 3276 9245 7505
-4948 6736 5275 8493
-9836 6717 7887 7885
-5109 -8366 3555 8678
-5690 -4627 1527 2622
-7838 1529 -6991 7221
-7737 -4918 -7712 7901
-4646 -9222 7318 4971
-4097 4521 6148 5548
-7372 -8974 7902 -1136
6481 -7469 7955 8630
-5005 -8775 9067 6434
-2438 -2454 4045 329
-3824 -7369 8863 3653
-7898 -8871 -5375 -606
-8552 -6561 -3288 -1561
-7162 1927 5021 8105
-9705 -7783 -5444 -7055
-4536 -347 90 1954
-6945 6715 3910 6914
-1823 -6450 -1513 4624
-8066 2901 3520 3184
-9657 -1676 -9518 2177
4178 4107 8112 5532
-8802 -8797 2898 9303
-6720 6462 -408 9852
-1350 -8204 296 8311
-8714 2649 -2376 4771
5780 -4954 5839 894
-4520 -5364 7534 346
7311 -7497 9198 29
-8926 -4059 3608 6111
-8109 -3282 4244 -1789
-6114 -6944 9405 1778
-6317 5543 79 5985
-6732 -9704 -3466 304
-4562 -4590 9793 9948
-9522 -7026 3267 6835
-6554 -6427 6492 3747
-908 -6370 331 -6155
3496 -9000 4941 -4767
-1925 -2346 7163 9845
-8419 -7121 8279 9138
-1081 -6838 916 -2708
-6014 -3384 1459 5347
-3564 -7475 3560 -1178
-4643 -5145 3286 6173
-7009 -1741 1705 2466
-3322 3075 2272 5382
1499 4598 3997 9258
-1685 -6433 5077 1077
1681 -6652 8275 -2547
3654 -5927 4821 -713
-1133 -3201 7160 6225
-9212 7352 -3699 8326
3882 7991 7973 9391
-6176 -5109 9836 5200
-9296 -4924 -1821 3864
-3083 -2268 -1795 6851
2083 6660 5953 9436
-9630 -7244 4033 2845
-29 -4828 1074 2281
-6593 1488 -931 7169
-9739 -1884 -9538 2382
-8486 -8180 8317 386
-5391 1180 -3027 8212
144 -5091 8178 1460
-1121 -3506 5981 1578
-5393 3027 5868 8255
-3016 -5794 -1007 2964
-1623 -2705 1347 -458
-1308 -3002 5927 1862
-412 -5224 4862 -391
-8148 -4976 652 -4435
-7422 -9929 4694 -7413
6515 -6633 7542 -4255
3223 -5492 3386 -88
-6485 3771 -4047 5680
3231 -6257 8121 7382
4161 -5487 9876 -4340
-7417 -7672 5651 9873
-8595 2782 -4989 7913
4449 493 7102 5481
-535 -3105 3452 -2555
-4300 -5852 6071 532
-9066 2320 -7909 2793
-1862 2176 6171 3919
6264 -5637 7535 3323
-2607 2504 8390 8421
-1586 2408 5509 5573
2157 -3102 3291 1908
4770 -5317 7380 -1959
-6588 3702 9587 4867
-2000 -6585 9745 6547
-354 -492 8567 6847
-9190 -2215 -1933 8040
-1994 1311 2452 5219
-2168 -4028 5169 7368
-6094 573 6820 6414
-315 -7696 4044 4691
-7105 4546 7455 6147
-5472 -8440 5043 -4609
1130 7748 9673 9582
5250 -3973 5541 -3846
-9556 -3814 -3183 4074
338 2350 8181 6331
-7259 -8592 2530 1675
-5766 -8424 5305 -7225
-6567 -220 7224 5985
-9935 -9159 -581 -994
-3595 -7006 6725 -189
-9143 7786 6108 8860
-5554 7916 -4485 9030
4519 2848 7612 8089
-5817 623 5240 6195
-5770 -4695 1920 3016
2919 -831 5417 4569
3069 -438 3882 7202
-4321 -2364 2921 -2202
-6233 -6981 -1997 8384
476 -6149 4268 9654
-6189 1317 -1527 4024
-9983 -7813 -9809 6831
-8262 6864 -3705 9278
-9620 2529 2535 4493
-1225 -2480 -534 6220
-1354 2325 1795 3582
-1808 -7278 6440 -1109
-6180 -9448 5433 -5266
-7246 -9325 -6372 -2983
-7727 10 -3101 3494
-3533 -2284 6892 3809
-5591 2442 7708 3213
842 -8527 2309 1219
-8082 -9484 4508 7255
-9627 -6696 8264 -4950
-1154 -5843 5347 8023
9104 -331 9871 -308
-1212 -4144 9359 8004
4169 3541 8324 4989
-5688 3247 498 4071
-1182 2005 -786 7109
-6273 -8567 -3018 702
-8813 -4064 6849 -1670
-501 -534 4537 4299
5215 -8909 5596 6581
-471 -7956 8303 -6078
-406 -7633 8574 -1092
-7995 2145 3574 9078
-8072 -3773 -3551 9765
-8186 -205 -1334 3052
-2743 -5259 -1794 687
-6197 -4333 6463 8578
-7717 -8734 9572 -3773
2521 2861 2824 3565
-5234 -6067 -685 1602
-7426 -8062 -1232 -6892
-9712 -6229 6178 5389
-7256 -8379 4344 5246
2317 -1770 8923 7251
-2562 2215 715 3387
6130 3296 7078 5677
-9865 3352 -6441 9266
-1463 4070 1925 7618
1671 -6610 9436 -2216
-8218 -2994 -4630 1821
3240 -5221 8063 5468
3833 -9377 5849 -1211
-6365 745 7358 1829
-2851 5529 4622 6901
-4444 -5892 -517 256
3693 1054 6369 1370
-1436 -4764 -1324 9308
-1208 -8376 1447 -3726
-5152 -6724 6669 1788
3033 206 5697 4400
557 3959 2962 5378
5187 111 6448 4868
-1158 -4882 -596 3226
-8526 -9113 6049 6254
-7330 -9657 -522 6631
-101 6477 7890 7955
-5964 -8539 -700 9039
-9901 -2024 -5743 4454
-1639 3308 -505 9102
-950 171 8445 6573
5781 -6108 7437 9282
-5779 -8002 -3020 2109
-8938 -5773 8383 6894
-6433 6034 2166 6963
-4134 1455 -1720 4077
1124 -6848 3990 -5635
5357 -9262 8718 -3910
-505 2534 5807 9956
-9005 -5597 -755 -5461
-8064 -5156 -4553 7750
-7154 -8612 -84 9349
-7854 7184 4247 8552
-8371 -5863 -506 -808
-6130 -7649 9785 -2594
-5062 -257 -2734 7410
7212 -2728 9999 1885
-8290 -7988 3596 8433
-6951 2151 -6572 5842
-4000 -5051 4860 5196
4268 3274 6198 9473
4725 -7727 7605 5895
-7068 -3148 3058 9492
-5439 396 1890 9635
-3197 6379 7028 9934
-3670 -9700 7465 -4315
-3962 -9446 -262 6633
-2453 -6962 -2128 8346
6823 -8201 7899 1196
-2189 -3820 3517 -2750
1744 -2162 8106 4907
-9372 -8435 -7170 3006
743 -8596 5592 8036
-6717 290 -294 1241
-5775 -8611 -4095 -6649
-7108 1040 -608 5852
-3539 -5438 8249 1674
-2604 -9680 5298 1375
-4916 -2235 7322 3768
-6858 9273 -6077 9904
-3893 -5725 -2488 -5443
229 2616 9584 5922
-8507 -8405 -603 8303
4293 -9605 6165 2598
-594 -624 9133 2371
665 580 6104 7971
6168 1880 8932 2239
-8783 -9764 7087 430
-5988 229 -2849 6792
-5765 -6139 6930 7641
-1258 -9409 2612 -6555
-9333 -2974 8639 0
-7997 -8755 -3902 5010
-8569 -1306 7521 1224
-2985 -9147 641 -6261
1556 -4504 1628 168
-3444 -1140 -1812 7072
-9996 -5892 1411 7281
3133 -4757 4432 -1092
-6487 667 1962 5164
-9748 5599 -1971 8219
-2560 349 9421 3539
4155 -9514 4239 -1913
-1833 629 5958 2874
-6623 -7662 -4007 -5791
-9865 -4257 -7180 6163
3684 -649 4847 5136
-3259 5337 6227 7971
-3307 -1560 -867 -23
-6216 -8028 3736 3294
-7376 -2806 -5312 7891
-9095 -3162 -8414 9155
-5648 -2576 -4415 9737
-4615 -172 -1854 4905
-3263 1934 -1145 4955
-2766 -600 2337 7571
-6060 5048 2970 9678
-9844 -4915 8559 3076
-5545 -9825 6031 3826
-7164 -1659 -76 9514
-352 2351 594 9296
-8923 -2810 -452 3034
-6681 -5042 -3057 1129
-4820 -8453 -1613 308
5791 -6080 6672 -2509
4757 -5788 9021 -4668
-9028 -6375 -3286 5724
-3104 -78 8377 111
-5849 -4980 8537 320
-1791 -7375 9568 6334
-4295 5688 -3054 8174
-4789 -5190 8282 -4003
-411 -1761 9363 5924
-8463 -9232 9068 8523
-7567 -4 4731 7650
-2169 -8888 1468 -7226
-9205 -9118 8143 -1696
-7132 -9429 2322 899
-9101 -9607 1265 -7816
3693 -2459 5595 5271
-6587 3598 -1521 9991
6276 -8901 7126 2092
-5993 902 -1676 1274
4084 -7492 4348 -2754
-6832 -9724 2773 1382
1176 -5356 7198 8104
6942 -9488 8933 -8136
-9988 2440 3777 6079
-7306 -1094 1803 -952
3661 -3829 6187 -2936
-3812 -3601 7579 -2277
-3127 -9687 2950 -27
-2451 1108 9057 7917
-8839 -577 -7974 1739
-1349 -5853 6761 -5642
-9844 -8785 -3328 -8565
-220 2275 1537 2550
-8105 -2635 9815 2030
-6653 -4284 6386 6697
-8469 -3488 3403 2317
-8209 -6590 2378 8913
2718 -2546 7621 3492
-4720 -1025 2485 5910
-1030 -2200 2564 1593
2146 1308 8911 4333
-6313 -12 6200 3542
-2013 -5000 1520 -4499
-2838 -2867 -1470 3586
-9515 -45 -5806 3088
-5912 -6237 3757 -931
3924 -8135 7301 2465
-9020 -3437 -2150 -926
-5979 -2953 1988 9219
-5499 -2623 7604 8359
-5596 -1317 6199 4141
-7430 -5218 3766 3125
-3817 -7315 1371 8259
-7962 3076 4926 7108
-8957 346 -4809 8155
-1102 -7402 -931 -5552
2529 -9533 7168 -4460
-2440 -8948 7595 1018
-6572 -3490 -4393 6695
3611 4167 5160 7522
-4951 -6208 -279 4352
-7066 -1075 -3156 7882
-5044 -7186 -506 -1788
2555 -1298 8577 8185
-3837 -7360 9099 8456
-3794 607 -1107 1209
-2451 -4649 4827 9890
-3822 730 -817 7978
-8026 -7339 6865 694
-442 -624 3895 3426
-3622 -6172 2092 -5211
-8857 -3260 3820 3995
2286 -2381 3020 -1734
994 -8269 8476 1376
-3463 -5548 3756 -3498
-5022 -8952 -216 -5584
-9474 -8186 1814 -5541
3191 -8222 3845 1316
-1927 -796 4018 6007
-1303 -6009 8202 9555
-9352 -1448 5025 -167
-4179 -1648 3665 -456
3650 1031 7151 4365
-4452 -3201 9633 4513
-9355 6748 -2065 9204
3929 -7587 4778 -3143
-9966 -8840 5697 -5138
-9877 -8965 548 4161
5450 -7988 5622 -4816
-7770 -8589 1862 -6350
-191 -3906 9171 -3815
-4632 -1665 -456 2666
-5411 -5600 -2004 -4889
5947 -8107 9264 -2808
-3293 -2606 7403 1331
5509 -1502 9140 5798
-8363 -4157 -4143 2538
4151 -9972 7233 3476
1875 5420 5158 9091
1196 6396 8357 9810
-5208 481 3147 2814
-6618 7172 -4252 7948
-9231 -9243 -2662 -2177
1986 -4777 5259 4630
-2219 696 -1467 3067
-2888 -4145 2776 -543
5357 -9748 5714 -4302
-4341 -8989 2225 -1055
-652 -6559 3704 7504
-7740 -5627 7112 465
-4789 -2710 6652 7002
6666 -711 7501 1765
2646 -5226 5353 364
-5862 3251 -5594 9438
-6933 -3947 -2705 4937
-9114 -5696 1909 8850
-9549 7447 -8448 7791
-2349 1996 -2054 3751
-9683 326 5446 7633
8732 6396 9523 6452
-4499 -1025 -4066 -830
8431 1362 9004 2272
-5207 1275 9108 7276
-2037 1124 151 8835
-7792 7376 -278 8992
-7764 -6157 -3018 -3897
8532 465 9952 1980
-3678 5757 3315 7742
4719 -5382 8201 2546
-6001 -3130 -656 -242
4686 3145 7225 7625
6309 -6466 9911 827
586 -5848 4483 -5320
-3611 -4302 -2555 5502
-7575 -5866 6005 -1076
-176 -5655 1586 6506
-1428 -4216 6004 5636
8949 -7542 9592 9773
-8300 -8088 1150 448
-6090 -7203 -4400 -3293
-3251 -1264 4081 1598
-7057 2420 -957 7068
2819 -4803 9177 287
-4417 -3717 -714 7346
5201 -29 8991 4285
-4015 -8116 861 -1250
-6241 1016 -1349 3594
-9251 -7345 2622 9781
-2651 -4952 3397 6955
-9566 -6215 2086 6907
-4959 839 3922 5302
-6298 -5572 8426 9332
1129 -4508 7735 1223
-6678 -2410 7663 807
-2435 -1367 6197 5862
-4750 -8865 4902 -1724
-7928 -9968 9844 1455
7470 67 8741 255
4616 7429 6078 8291
-9527 -8431 5667 -1423
-8562 -7984 -3133 64
-1295 -7143 1430 5362
5388 -9560 8616 3918
-4382 -2139 -3532 -908
2062 -5721 4363 7237
-8509 217 -8295 2512
7181 -9628 9322 3441
-7819 6535 -2392 9296
-3965 8440 -2144 9274
-4327 4865 5113 9600
-310 941 3480 8299
-5929 -9352 -4447 -3577
-7291 2740 -7130 3150
2031 4558 5752 6231
-6457 -9609 -1034 3350
-9856 113 2275 301
-207 -8812 2780 1663
-9235 -5506 8138 7709
1477 -7501 9420 5304
1538 563 3129 6996
1602 -3820 8349 -2347
-4715 2962 6328 4744
-1132 -8418 3908 1598
-7448 -980 -4520 1132
2752 -3159 4880 -1585
1447 -4678 4576 1329
-9567 -6424 150 7254
-514 -2431 9867 109
-3393 -7828 2440 -7556
-6981 -3029 6645 2215
6543 -471 9011 5195
4306 -9336 5533 9963
-7177 1474 7826 3565
-7732 -2163 1315 -782
-9588 -7251 4277 -2705
-9300 -7514 8945 6001
-9382 -5748 -8574 3499
-6697 -5757 228 562
-4722 4064 1413 8925
-3295 -8027 2590 -6569
-1817 -7604 9881 9131
2832 -1541 5849 7446
-5432 -6485 6831 -1563
-7895 -6591 -1120 -6516
1346 4373 7076 8240
3667 -3131 7477 9010
-9939 -7181 -4259 -494
-8089 -3109 1606 8830
-3857 -71 6695 6209
-2221 4814 -1458 8827
-8857 -7241 5807 -1887
3132 4693 3378 7408
-6464 -7091 2361 -2757
-9717 -6892 7826 -2168
-8284 -1511 -7505 336
-9733 4063 1016 7176
-8771 -4531 4625 234
3279 -3413 5550 5229
-8409 -6896 5155 -4414
-9328 -3931 -6069 5190
-1962 -8887 7537 -5841
-9275 3095 4655 6604
-6812 -7063 -5851 -113
-3751 -6740 -396 2706
-7770 4378 6122 4844
2680 -6571 3336 -3339
5140 -2943 5925 4337
-9511 -5104 4570 9008
-3121 -8263 7835 -2575
-1272 265 9828 4366
-4182 -8180 -2803 4534
280 -4950 3468 9076
-7023 3383 -3783 5383
-2828 -8960 9064 -5877
2957 -7023 5049 -5452
4712 -2477 6682 -855
-5891 -4286 681 9776
-336 -854 304 1730
-4140 -7684 -1569 4094
-684 -6178 9723 8823
4906 -9144 7125 -5926
-8899 -4384 6781 1306
-8387 4790 -7433 8481
6160 -5561 7692 7704
-7901 -2307 -4701 2820
276 231 6594 5132
-6003 -6301 -4637 -6060
-1053 -3640 7059 876
-5270 -3198 2659 -120
7874 -6796 9012 -1534
2993 -3029 5683 3278
-2774 -9251 4817 6091
1358 -5603 8235 -2609
-5266 -9941 2733 -129
-9554 4879 8638 5715
-3985 -6478 8807 7229
-8378 -9643 2969 -8857
332 -4735 1464 5939
-6464 -1487 -5456 6345
-7443 1485 7161 7646
-2760 -3029 3592 5592
-2295 -4365 3883 -2024
-6253 -5967 -6122 6630
-4033 -8176 9015 8054
-1495 -3726 3425 2804
-9464 -4121 -8670 5059
-9538 -1479 -4300 2456
-3000 -4822 1867 9479
-9048 -7195 1546 -2305
716 -1618 8355 2917
8660 6622 9696 9355
-5608 -2725 -5345 7234
-3295 -8362 -2930 -6071
-6812 -5574 3604 5626
-9715 -9653 -6882 -9579
-3972 1944 7099 6697
-272 3382 9395 8314
-7649 -8420 -3226 -7407
5567 -7323 8042 1214
3963 6144 6353 8159
-8571 -3498 3064 5247
-9093 -4669 -5893 2964
-3050 -9664 5284 -8613
-9389 3592 -8801 7995
-4408 -2643 8564 -2088
-1071 -7748 9508 6171
-3924 -1976 7774 6455
-9694 3197 3452 7432
-244 2528 7306 4073
-3555 6149 -946 6625
-9776 -8861 -2371 -2469
6094 1481 8708 6980
-5559 4222 8469 4925
-5842 -6395 425 2937
2688 -7098 6156 9754
1774 -9351 5836 4229
-1494 3921 9691 6435
-9571 -7769 4315 1168
