801720
4
57564
216
160
226200
60
4860
12192
3160992
1
40
588
720
11840
24
280
972
134700
100
40
48
72
250290
93150
121671
2900
1574100
2
291060
22800
18
135
133164
2079064
485568
645750
4706800
720
1068
234598
8
283179
9
813150
56
2289384
4
4590320
725220
168
24
1010
3
4
140236
1944
704250
11610
96
27840
173048
144
2
503010
712827
24150
1358640
30
144
1
780
685440
840
2916
11902176
675
8
60
157500
13780
334492
972
30
3864
36856
9204
4838400
689688
72
81650
72
4240
2424240
1080
384
6
233376
432
120
10440
20
2592
12468
6572475
810
18036
3359352
17
14200
376
139104
39780
576
23472
702
1
8164800
77
174
6348375
4060125
300
540
3278220
3348540
540
1944
2
25
98008
38304
1118880
48
4230
153855
2
24
4
40503
20
10
3132
6
2
624
136
9270
720
6
1634800
8960
364230
28800
5779620
80
6192
12
32076
207462
54
17433000
486
16524
2
6885
2
8
300
2058760
34638
188100
1768032
91476
66414
9
8490720
7776
616
8823600
18309
540
240
10
3729375
1025184
247212
24
90
2160
2209500
900
4
172992
38908
2800956
702
540
24640
27
9460
42
302940
69300
7560
19440
3218240
2160
58290
8
201696
980
10692
600
12
132
540
9352728
12976200
423
12075156
8
20
1181580
540000
126888
7915200
72
752
25
63072
414
90900
22500
9054180
648
140208
1400
1686300
180
6975072
1869840
12
420
87528
5400
6885
2428
4
36
72
5760
34048
5724000
97968
49815
4
1862400
8
48
5101380
2429640
1
1168
5
12
60
2
71000
30
308232
1
4320
108
582420
452608
1852560
162
384048
34
4992
2306880
3
24624
8000
1008
24
1456056
180
8886240
57528
15
8148276
6850
17901
3224832
1166400
579600
468
252
318848
8903040
283200
235926
287712
3391872
92
181560
1890
482400
12
45
2074320
1219860
1656
4
6
54
374400
24
59400
19500
336420
1020
1
387576
160
598080
192
127188
1120
364236
1
150
144
109350
46
38232
780
2073600
12
6480
120
24
35050
480
8731800
20
45
1074960
360620
189600
16440
3832164
1079325
132
5805
16
34056
1
25245
72
9616779
2
30600
46
2405700
11437920
36250
9421468
1
813120
15
450
60750
2
216
24
2228600
6000
123900
156
90
4307424
100
68616
2
2
275832
2062692
7998480
21600
10
12750
8
46
655
10
1000
80
14573484
72
12388760
2120832
153
240
1209600
6
1
1
12420
1
11664
183480
17976
35496
9720
11434800
2250
340
55800
448
30
84
3885975
1
10800
6480
36
440
848
3909760
486
5
268
32
747225
58320
9416088
8
45360
76800
349920
21440
5
2866200
616
3
900
180
1440
576288
88
42768
288
7040
1200
117936
12
2520
1
2208
46
240
12690
77130
1
11715210
2607300
18
96957
6
455742
914144
525075
22050
576216
54
2
1
221280
223380
1120
3147648
972
96
2160
486
960
8962272
5
4
1085400
180
72864
416
122808
20128
8
224
443210
400
49248
12443800
33480
2
4
6
10
96
144
12
397782
255
1387200
225
9128
83796
2016
780
160
341156
9450
48
690
14376
16
1350
6325632
19320
26328
4824
36
468
1008
818708
376560
61440
60
12
7360
2880
187332
8012664
171360
61056
15
8
1425600
4383540
42036
1
10068480
599760
145008
153648
7616
3
3498
3401216
1254160
12900
12
16
48576
1095330
4536
10368
138
1
1320
41904
1029600
792
1836
2412
2295
444
725
1042440
4680
1
150
1
24
43680
1
872928
216
12
10848
520020
624
308000
528
135132
1829520
1047424
3
48600
6327720
3297700
11236320
5263200
73080
112896
6951096
2020500
80
62532
454572
49850
568
701040
1582
2
3960
439560
690
36
7890720
40
2025
6926400
24
8535
27360
205884
264
6
56
42432
1682816
30
667278
30
2
146124
3792
2763072
405600
2013480
7792800
7560
24
1104
4723920
4
6
612
18368
60
817920
28728
1008
1
780
6193440
16272
18864
99450
1508
8
52785
11592000
48654
4110
714960
1979316
40
136
2
1
132864
3216
160356
16
456960
512028
11188800
1080
24
26520
8
150
5616
50
1
12
3
5120
1000332
770
477
1770660
74052
16826940
2
30960
18275220
2760
321408
12
175770
108
61056
76680
22632
97200
160
10
6
216
10093734
236487
600
22680
112428
8316
14976
4
12
280
33264
4658310
2958
490112
4272480
28
683424
420
2634496
44688
11462412
7308
48
10
2680
6
2
32
252
1
20
3780
72144
336
13284
90
792
2227407
20
1500
324
1134864
3156408
44280
116
349440
84
148716
289520
9348140
11726208
963
50184
8772660
2
874125
12
4
6451830
225000
1876176
20
6
138
8
17370
1950
1
103680
4
150
8283660
1
670212
840
23850
262980
2622
4140
638528
14900760
34020
560
30240
4244400
1230
396
240
14379768
4597560
6
8160
1020
16200
1134
40
3
1050
6
24
2720
1
504
38980
167880
594
33534
450
16
16
16
11780
357952
1269324
13500
91590
27840
48276
54
2286
74776
1
164325
347760
12
68040
7290
536
120
5100
3060
38250
225
14112
32
297
540
260
24
40
3528
252720
20097
408
1783584
18
3360
2340
41
1152
150
204
7872
1087830
1
2182400
2994992
2605760
18174
2160
2
148350
2400
3672
1652392
71280
7932978
1320312
1080
218080
208
16764
24
72
54660
21772476
3696
5026560
11700
281880
3554280
64
4
324
1620
11424
5904
128
352
126608
4
18
18252
241038
4
540
10512
1406904
1088640
180
31376
32
39659
120
12
1437072
59156
4
4
207360
5606245
74
5200
180
2291472
32
4374
92080
120
5520
470
9905700
315120
27560
170
48400
60
2938986
9449433
215784
1
7176960
47376
1420
2
3384
75
216
1
9450
1
10
324
28
2017560
1
4
108
4535946
750
57951
2
24
5617
10088
4
34560
916864
5376
19269600
3690
54600
8172
9938880
285480
6
1008000
4
4
6057342
336
2271510
1836
68040
18232290
2
10
9720
2390
1232
94656
10000
1593900
14880
2520
8
392
12
4848
72
167760
4429700
4320
4
12636
1
36
1404
194616
19440
1
3437748
1380240
42
95490
120
9180
4266
9664704
52
630000
2091096
1349952
5888
1
2340
17052
20
8
8579504
11790000
27
11745
4080
6
2070
3644
15176
614376
1986336
18
1992
6722244
28350
2
9870
53712
16
2040
10
2800
262
474192
9696
9411740
5346
45
82
6
480
3010560
18197460
624780
56
1403808
8
144
6253632
9450
2400
699952
3045488
5120
54
576
14
4470
576
670896
1098090
886200
1200
56460
554580
2
4
2084940
2240
389232
13265100
252840
12
43776
720
12
2340
1200
88
23200
84
1512
300
553500
174
4315136
44424
4712400
2
24
12960
1
318
2983068
2
2
12
12656160
486540
3
500
1188
540
540
154
216
55350
24
217260
10277736
213768
2
331938
30
216750
15474240
5502978
20897760
60
6992550
432
288936
168
144
2340
30
231957
212
3
144
16
2520720
3517920
1
1
112140
4200
809010
153090
1064745
98400
100
29700
4692
9903690
5312
4374
180
1230
1056330
16180560
8639544
328680
1512
1330560
480
12
252
345
756
2010
132
376
240
46656
960
23080200
72900
3816
6
12
954000
10240
10
62640
888192
3
18750
92400
20
101880
2
575
1386
2376
4032
180
810
28
723840
2400
8
80
4
2412990
2466
40
72
2688
106488
4
10560
21036960
369640
90
1920
924
148032
60
636
1620
20844720
18
10582650
1713600
1
4
615300
162
1188
1622752
247779
900
2982
54
493830
14925672
8566290
6120
248635
56592
2
2
10800
232
522
4
72
12600
11250
16
918
4
17939852
5
20
2926539
32
22436
648
36
69984
10
274482
32320
240
798
1082016
192
1
3905496
756
5845840
823440
3456
54
10
40368
2550
216
127920
75240
11470
212
90
288
10000
33152
75
11125400
1047420
27456
143712
6
255
2246400
990
7344000
810
14215500
16188
1200
2340
898560
24
200
1
120
5184000
32
1
50
21060
2
5270400
378
497250
6
25
4032
3864
107936
370
131172
8
24881472
346560
3
915840
152460
1
2700
324
408
225180
810
4
3068160
325
6983496
1072740
130
2390
1728
6
8320
3607416
19503792
3550
126000
35100
216
126672
91692
76560
216
45
38160
2700
44
5472
199260
352
611460
30
20948160
29440
656
2958
2909523
300
24
21870
2500
2
2
5472
188298
6960
44215524
15993552
1
578412
60060
17222400
10
7419600
216
8224
17446800
816480
589680
492
29160
106335
432
1
1647300
48
103020
4368
12480
100368
13389
19800
4968
13427640
10405800
144
5
7643604
81900
91800
34473600
15
1648080
5400
3120
46834440
145
636
10271840
41360
4712400
2026944
1034880
1589760
2944
4149450
234752
11850
140400
16
162
45
14112
2036880
30960
2147886
1
2598120
268560
3
46
90
8
113250
166960
91710
40
6164
356
12750
176
17593160
2
65300
4709340
5088
1440
9991683
1226880
146880
3660
355040
8738
978336
994432
2730
3037212
267
3
2528919
38250
27
1182080
24
53280
27300
1397088
10229800
13381200
451136
12
282240
58
25920
270
3132
1020
990
20143836
10600
1833710
30
2505213
8032
3168
3008988
7200
300
9234
47800
1080
31212
17
4
11508
576
162
4488
10500
35828
3240
82800
7272
7830
12
8
2228940
2
25380
162
1695639
3500
10998
948
136
3906
7997400
72240
2620
720
83514
106920
355980
5265360
40
6
3264
5625504
918
51744
1242
15575040
5400
415800
176
48
6400
1410
748440
5
8
22619520
302400
4260
662652
4550592
16497000
22410
252
2652
146316
4507950
201192
1678104
48
2
31789080
4
21039912
13172
8
720
180
1
6970
359397
77760
3588
2014848
94608
612608
1800
36
126
6240
4112640
324
9266400
810
72
450
1
3321
102
40
30
204633
28704
3987360
10332126
742560
18
168696
7543200
12
76520
24145344
8
33750
20
1088640
71200
35100
414
2
1453120
324
2960
14904
38709216
1717170
81
1039500
61776
2
19074768
151200
1516320
2
8
12
414
4
98415
831864
4
1044
4
47520
589680
2
11442
1620
9
911760
792
140940
10
6
30
42102144
9
2136960
5715414
124200
6156
9785800
7640512
18
10100700
6
6188
200
356400
29648
6
179520
364800
42
8
141570
468
160
222480
7236
72000
9472
120
2420880
27182736
1
10
41680
926400
1
3
6409116
12096
8
1
25
20
13440
36
457952
4
9
2520
1734
31714800
1864980
173400
280
2
3645
30
164
16560
25191800
432
118560
280
2021265
90
23040
984
10741752
14
13195638
204120
1
12670812
155250
144
4024080
69
522450
24
76218
31633056
48
3370896
4
720
3328
1244160
22032
1
240
4200
220968
1229175
27276480
36
40
641610
1
2
1198890
335700
2576
571536
14306112
1
3
40
19132800
5514800
4
1276992
4
43169800
35352
29275584
26226288
68566176
8
114400
4456
390576
3672
33264
1
94050
50478
284
107100
6280
14784
12
3924
11440
93600
4800
10383120
1278
108
6
4
18289504
30547872
56
432
10
1205
1168
22863232
2130
778896
2822085
24597864
20
1397760
16
173664
600
20250
1794500
1653120
2592000
3780
6
136
6
9
34344
14652
11477400
32928
9734400
57276
6
800
4
18864
10830258
20
838722
20160
157464
8856
9360
48
321552
2
108
16209
8
414
952
36
1400
151488
1
14008320
10000
498780
513264
230560
19950
1
78
583200
3
3790080
2112
9990
251440
10
7820
84240
1280
3750
252
54358200
486
10371900
2
6
6
3780
900
40436608
408
2203200
17
48114000
6110208
9860
324
4756752
140
54
4067200
260496
32400
72
15457266
504
24336
698625
7773624
400775
15774750
12841092
450
840
25806600
1020
16739442
177480
14672
72
16200
1
27120
4896
28980
5135832
20700
21760
3378672
4
480
467980
1847544
2131920
50
94
1705950
180
98712
15252
50
52800
17310
45288
396
42768
530400
1110
720
37800
32310
272100
6
84672
764672
165888
310068
1179000
540
1746
3900
4
9077904
621600
60
6069000
36450
5100
374220
6215504
22660560
1
26243840
119680
2941260
2
189000
26703
5397840
229320
3340800
2
2
641600
19980
3777408
4382400
10582650
1196
13460
59840
702
1115640
23100
33235272
1457820
2432
4513968
314432
18690
824175
1172000
1170450
72
2
1500
372500
230184
75072
24788430
340
12
400
36
27600
110976
1242
12215808
5448240
4736
864
6
5506380
38592
1758
70
50473440
6120
26241750
36
40
108
738000
6
45
11144952
16320
12
13980
14220
150
1340
2434
9745911
71
10650
4940655
117180
80
20169
552
432
1737000
116
540
43200
729
38280
4923000
328050
216
984
1248
57330
16502840
21964068
272160
173880
5200
2759984
903600
10800
414400
1398340
4420
1455300
9648
306
27903120
58800
1440
1008
8160
45
2430
510
6060
26050120
605160
14000
20
24
32
1080
5797440
9
90576
96
442665
2
1370550
34830
514738
1836
117
34
416
14107464
10600
12960
57900
1923840
18720
692
1
1840
204
23699088
216
3056
13320
24
30
2
24
12116
243
1977730
66150
4212
225
972
36
58752
11058740
3584
43627500
108
20619360
3452800
42332160
20
204
4755744
12
614790
2009280
74304
6
10
240
652212
23833920
3271680
100
621
188082
3744
160
37740
5888
636768
60
3024
32
70484700
162
24
217296
1622785
1398
1918280
32
300375
3
30960
480
4868176
3600
84
640
12094974
1
50058
1
54912
80765516
1704
260480
45
36
302400
8
7776
3060
27
56792
2706048
2900
1016160
7491168
3217500
5424300
162
80
5768
168192
9768
6
1369200
3
465804
22392
12
4230
12
18
40
682240
1812
62181900
3990
71040
4115225
46800
3
840
48
12285
5949300
1806480
11664
8
1
34215720
1512
632
5710644
960
62638200
29904
616005
720
349272
20436
648
2880
3750
325404
13553280
15
140790
720
1680
17172
2808
121016
4
332640
2
17968185
5
2053336
4
10103808
1445
6048
1440
1
33762960
45696
7580400
827856
92968560
3828672
5544
28260
102744
28369470
108
820
25722180
88470
348
379896
9
90
486
405
6
15872220
14256
162
30
630
4320
1458
50266
343200
58320
666
1579500
2016
1920672
1890
12
16
4
453600
88
3631068
4550112
2
40
288
1252814
576
5904
1104
34830
2400
15178671
18
591552
1
82620
720
16092
49590
62424
506240
4753800
60
1006560
2
235
1728
139200
123552000
1
30
805266
255
422136
91556280
372060
3060
26940
297810
103264
198288
220320
1891200
4
300
720
46440
11730
31360
5
120690
900
2359182
234
192
61940736
312120
30
6000
6
80
6443008
1576512
720
178200
103032
5
4194
8
464
12
3
1
18
4
1020
216720
2763180
765
111216
216
75
38313070
44856
1080
18
1437360
238765
4338456
7632
17550
104626080
19380546
64
504
169680
185316
2
2216160
136
7185024
32
7920
2
6993495
23680800
14850
441840
38514
3584
25596
288480
2605680
8382600
34776000
12
4
50094800
16714080
4195260
81496368
6334200
144
8
1
36450
848
1
4784787
1126740
22050
15000
242244
56
99201024
7020576
6720
1202533
36
136
169312
136400
59954880
1620
5822712
2100
1111040
376290
288
4
10584
2219490
12450
8
12720
5575504
290430
2
4
8
360
10
12
605784
2180
832
5160
1688
95040
3
3
123420
420
76152
3744
65054136
202440
87922626
500
755208
13107690
5231424
28800
4
36
44739240
80460
1296
57544668
30240
18
90
19374390
99917460
35886240
3025800
1500
38365380
1455540
264
14202
48
6
18
120870
26208
4864860
5
1072104
163020
2
510
8
936
6480
85987200
16
72
4288856
57016128
11184
20807280
2239104
32727240
25350072
3532410
31563
261
20584960
13365000
41020200
18284448
153000
72463248
1476
1
10208
173400
2
540
80154368
7392
514800
4600
4
306
5
4847850
102513024
360
2
19557
94400
33906600
40536
69120
847872
2
5
12560834
1080
361900
6936000
399480
21320
3860
526824
1125696
2449440
282
63245610
72
127378440
35880
60
39198000
18
27317250
149520
36842400
20294736
1288
408
24
8
20
114660
148995
50868
60
54000
2
142560
4
306
92736
15444
2
3078
536340
3120
3006756
308232
7340
345
18
8
3229200
1020
16096576
87667944
79912980
420
85200600
21657600
16125480
64
2322
2947347
2244480
52440000
225
2796444
20
56
4
6399960
67382928
3
36
39260000
12
11475
24
1
9180
336
30
1285200
90
1440
427680
2010
2895750
4
1
42533094
60
157570400
45
449328
1
4800
160760
675
10667520
2
750
9
48
27660
14580
30
30
36960
1
3
57266472
138
7038
21060
2310
3427920
7488
6
20
16
59534964
45
3
913680
23280
10
100
89
2270
446400
108900
180
2
540
126820944
4436640
18900
2475
30
1
40308
810
1080
3360
24
3132
31455
45
135
9
190080
27007344
900
216
309150
2580
3975
14
122610
2316789
3
4712400
1914048
366336
2380
1610520
3003804
9172800
13374720
6
784
10
421740
756
16664024
1584000
4
12
67200
1
39937212
1
64
6570
816
10080576
168246144
2
2721600
68446080
60
51259140
2
6400
720
446250
108108
16575
486
2084940
18
7743546
78566760
9450
34467840
2541000
4608
3943680
8
10368
225148
810
18166464
7488
2315372
4
4944960
34
198
3820
40
1514700
168
18455829
690768
163296
27800172
4
2760
460512
1043580
767520
116566416
2
14394744
4
8
2025
3
96
174480
8
29422400
39420000
1080
1777248
5578038
93636
18288270
971190
1
180096300
82416
2170476
84564
2304
162
1
4815360
1060290
4217724
63472000
18528640
49758300
1692
48600
669600
10
24
2
15225000
1822140
191919456
2155896
318276288
6
442260
1125
32
225
12852
157570920
75
29070
560
97920
6
25467750
60720000
2460
2040
432
214464
2
1250
1364
204
54
1
66000
137025
1533840
27
174
1377
236160
90
45
1006992
46656
68
2
2013264
720
165996
6186
192
867024
241932
12768
30
1912
51
560
480
216
240
24
18
2399040
60000
1595295
1389960
20
40
5376267
50160
3
54
269254000
108361638
2064
392
4
304920
10
72
15082200
950040
1620
162
480
2984520
112411800
10242288
59903360
77922
12672
63264
60129
144
28050000
44416512
270900
54
45360
18187880
80920
9387288
18900
3
210432
24740800
3343680
51408
2926152
1
123840
65376
26082
405
102
90
13403796
368892
180
5670
6473148
114402912
4236960
12
1
4
97020
108
17410
1272
78180552
1751625
2614680
8736
672
150764500
1304352
6345
29986080
1628460
5030100
335340
54754650
4023
720
9720
18
2848
33600
96
12
13122000
262440
8100
72
18468
19095
1424
11880
396
2
5078400
140
388352
83992320
2295
9768
1258740
880
29912328
5648616
18
39560400
896
362880
6
156
100
2
13248
228048
1182720
712800
47
960
4140
9
1
27552
2391120
1638750
1980
51849300
34
24
10
8718840
6480
15
51
765
10296
2
9291600
125131148
275417664
7956
21600
34289136
24
36720
43680
5782428
173664
8424
5
28
74448
41418000
18
19440
210
425880
17151912
3
10560
21924000
30
85083404
4
831600
7022376
138897990
144
247536
9565866
280
214812
580720
2
144
592
1232
4
60
8
451008
612
20
6720
39836160
6
481140
4917924
1
42340320
85680
175950
1632
1260280
271350
54
2064
869400
53114970
84832272
499608
50
2
9316620
15496
18
2
357420
8394624
888
144
7200
120332
10206
156
40940640
1464
1885800
1408
70
648
3744
22748472
10995840
536
264934800
145440
1080
226046808
1568250
641585
135
36
2
40
37454144
24
1530
12
36
104940
2
288
1
200
1408
2
6
6112
5348160
25872
234028
637884
24434704
4464600
19200
167086430
33904800
919296
3015630
150
1377000
225936
147266208
3240
3060
4527576
4011930
29400
103104
243963
10
606942
12249414
1004076
608
44325
6250
16812
150
2
103192056
31284
360
432
85520
59189130
13920
140
90933000
36288
142000
6300
5
4
9
1651104
121974336
3600
434272752
8710200
2
2
13844160
7785150
10
227700
80
624
926400
358800
150660
13770
36147600
8760
5
68
17133120
4716
612000
640050
270
12614994
269136
792
1283736
24
18
38835600
15130
2156616
2556
59500
2
5
9072
192
92736
4860
588744
2452725
80421984
702000
67872
394200
524
96795
30
7675200
74184120
594
52164
32
65516175
88000
40
225952848
83328
69920
18509400
158814
59030
40320
3
28633500
18810495
10775310
981120
4
5990400
565722
1
41348880
126360
633600
270
405
80
336
80190
154
3117600
336
201348
60
87318
1170
15660
37488000
52488
540
42852995
1110200
2579040
2947968
11520
24
46512
3578608
1000
54600
1220
28
1215
108
12450132
12570924
54
54
24
480
89775
8
5108832
3672
64335600
21240
22348800
2
5559040
18024552
133650
67616343
155925
72
10
172620
30
75919680
1814400
102
6
1261680
312
12
1824
2050
2295
6
731295
3305664
29705520
174970112
34920
1
14316720
100320
168
3936
1300000
20
2928
131436
19080
7020
410
1034100
3199500
1
131
2200148
58025088
105792
1384320
6
200
23429952
1160820
2219520
6
6
26500
187040
4970970
28195776
2746608
86240
234
127489050
96
18900
36
243
26900100
106624
196560
49776
162
16198000
17
17350200
9360
2082024
2220
29988
1
7056036
6
36
20477520
60384
1
241488
2531916
36
2601072
14052960
1358640
309416256
504916584
1971200
779688
5760
1285140
148320
142200
290446560
46
1040
952128
34020
405
3
840
5
155277
168960
23868
1728
7590
4320
255
5
167280
864
600320
3
256800
1
918720
5915592
4
14983800
14142600
2
586920
1721358
560
117483210
90
1090800
6998400
14112
10
4285440
27568
45
12
696
85
19200
6
304906680
59760
29053458
61992
219616020
45
73100
1044
2736
400380
33005280
45432738
1097376
58860
1626240
163741536
12546000
138600
191051640
72739800
792
2
896988
4732730
5750928
56178432
135
6
233700
13506840
540
3888
500832
1224
3120
190350
62044512
4
876
25620
55404
28899270
250530
969408
72
217346976
4
134400
180
376
118217500
1150560
5268
9
60
4620
3256
28363518
16
82080
15426
6
446220
6041364
173691150
267300
900
607920
516
156140400
324
9298800
344381220
78966400
80800
11830
4160
216
134160
22284720
88
100
249342678
12
1440
23593248
3744
30000
10659600
96
9
2
7728
2944836
2160
69916392
3
54
544
1925952
1
72124470
4
92340
46420290
3900
64024800
2
238
116878256
119451024
5323968
6768
560
10600
2
12
660
12
3328
657534672
216
3432
378
20
972
238078620
540
41184
294336
126720
614019600
880200
1824
774
1218288
7226748
60
24
1819584
421149120
195000
576
615944
70686000
4
2
17100
30951720
318835440
486
8041680
7140150
5
18890820
28
23496
20253153
11021832
450
977976
59744520
103626
200
1
16662240
1566
12
1
15
26
4
38649600
79083
73144
13140
6360
12
67160808
102351560
100909620
12761269
256
1
80
2
39900
21447
1370520
1734
739254
3402
12060900
418590250
32
4953600
40
90460800
56216160
9959040
2
15
404100
47700720
3264
20640
3372
2000
5100
445888800
1560
12057750
200
2
374742288
12
264
192
78
237200640
209634752
399978
38648664
26066656
46
3
331782528
7740
840
330624
2340
237783744
10
7900
68404560
9699480
175552
180720
5280
200
240
232459791
184348
3414096
70
1564
2413368
89661600
1080
501078000
75380032
3153696
255200
1262352
28
213000
5286870
1
11435840
3779314
76560
7341840
6
346860
20085408
108
323040
1
213835140
150
6
15284700
96
100508850
276558750
30288
40295160
30
12
455079384
108000
54
12
42768000
16511040
58383336
2201620
13662432
87487920
7943778
60
504
5320620
3468
1350
36
367691940
6720
27433440
360
421113460
16038
547872192
92221360
5376
5598
14388192
34650
2
328170480
218484
420
216
300034800
120
3
5040
16361940
4
5802600
153713376
50
76140
43523568
52
5553440
80
9812448
126000
12
16
81
171690155
8100
27895
4
3
10
4761828
1167120
48248460
46352250
889440
535572000
12
7996696
1155168
240
8165850
1
58793040
24
1280
1
1705050
169740
96
568
7680
2
355160
1
194722800
16077600
465341760
442211616
36
2
5186592
1080
52079328
6024
18361728
129708112
31997628
1
454480
96
2016
2064
54
52
13600
11384856
50745408
1035
15912
810
2644016
360
216
6719872
48
9380448
2
345
480
94656
8004
9028800
200
31668
13087368
9780750
2
4
8064
194882220
251136
11592
2304
624
101694960
3825
3650400
116690
135
15
1620
28080
16
28
954
13947648
2
14580
112562100
459
132720
12
36
120
2550
324
765072
1890
30
64584
48
1382184
32646
9990
2
4542570
136536
135
526880
229788
6
137700
4
672
8
1560
70200
440595
20655000
90
2862540
4320
665987287
6
10
32
103860
614368
36
131016600
3497472
6
13736952
675997027
3157920
10
2516800
420
1
68
367416
27560
166671230
283551840
137997864
360
171360
9225
340
66672102
90
45157464
20320200
1
13624200
11751
89255040
2
23392800
367488
17793360
468
134127000
36
1248
23184
57792
20
62160
12307968
356337000
63888
10
864
55591200
15474400
97776
749920
4160
3816
671448960
541200
1248
34
1
318
14960
10
24
248744
112
71740
288741024
12
30223518
6
570375
15765516
162
109350
735885000
14580
240676650
8998290
7132752
92480000
338680
594553792
1194364
288
9918000
2100
11520
4963032
264384
16
102
26452
992160000
262600
1
16
4
15
5800
2460
4
18
306
3232320
18
3
8064
4860
18
252
10800
19956
360
8
2
4212
5661000
24480
6656544
1680
37180680
123
162
17620740
330
6
2
121327740
194400
1
3359232
9684
40
450
120
2620
1102248
114939000
64
90
171450
6041880
179817786
85071360
4
1721214
37908
555840
164
1940940
3432
26592
457496
53564490
380430
1530
6720
1
48
129168
689020200
1
6
6105
841511424
78
63960
211752144
12900384
112400
4
1200
10452960
144
657108900
15840
85929984
2
435760
1584
64
5
40320
45
3933072
92
810
12
18
4387500
1610280
4328400
8
220320
159120
63738900
14152320
2464
6030
204792
80
259740
61126650
123268680
24880500
227304
16
201690
106860
1881792
10971800
83160
2
6
1
9928
100
23
1
4
2079108
263140650
197048088
403982640
200
3097638
28
864
4641765
7560
90
71778960
10401696
1
137416500
873331200
68
610189694
388
489300
3
34125948
75
227626650
31530
87480
10817440
540
810
818523360
36
4437
17253
206658
170120
6
10
1817640
6876
2559888
5508
15345
5773680
1971
1326
822528
30
42840
486643500
3456
7937300
463071840
310476697
656
3
10475400
506973600
5
284364
1736
1566720
625968
10
39495168
35394084
12
96840360
2430
1941408
1059480
416747520
1
3164832
6024900
667738080
1138368
98350000
499239612
225
1691280
391680
786101760
639
10197
1362816
904141056
3520
2717280
116600
417468150
1350
8739360
6270048
57510
788184
432
27698112
540
50947999
95058600
2
274428
196101247
150
48
767040
240
24752
155520
30
4
6936
16
392436738
2496
1350000
336960
55456860
125009400
54144
1234800
34827480
974129940
102775200
8
179127045
412758720
10
229774447
60168000
631152
123552
8400
16
20
6
102
315443700
2156
1
10801350
76800
311040
29088
13721400
24
448
28350900
430560
4398
34068
9720
3951200
12
739429500
46848
3335
18
3933684
19419816
264546
7567920
2862000
162208
6468
247860
1
15228
48
8253
396198000
10
188700
1633104
288
231480
127908
7959060
60
22032
12
498024
9
309444096
60810462
15360
178740
288080
7833600
61608
7280
1
22880
8112
2436480
12672
32901960
149040
8636
6240
48
6
8164485
24480
1
341120
275724
1728
140854183
41394080
14400
120
9675
526007167
80
360
34560
182400
32640
4590
324
5760
860
244398
28
72
74304
47680135
89376
40
93660
472054860
20
484020
50
245282140
150960
224510040
1363968
20839104
48910
9900
60506160
1728
3170160
3
3024
150368400
1275
62196920
129
197114208
16
264918247
1
117936
3
70992
20
32
553348260
102960
237600
7744
713834827
135
2683008
3744
250200
1
106600
12
586422144
38304
13260
72
432
15
664410600
1034880
3180
45
225
901
13903650
540920736
1980
420
10
612
136
27155520
33585650
8108100
6
48
1114350
35085960
61511360
35081800
20
73440
2
17595
400
158112
61775280
996
6372960
324
16
509246832
603189655
395929807
264600
931770
305760
121820760
33652350
2
547642760
259200
125955648
5740
110535360
1
312
8610
2774400
2
247904
400715304
180
3360
156
30
82
18
126120
2
653073570
48329527
3484800
8100
4536
2484720
973971187
267334824
85536
72751550
7580250
5892
4523445
988200
4
997340
100224
7560
3
167280
3645
20
300900
1667680
1061100
78300
84
12
48
1
7860966
2
34
24
88040205
7856550
12
21870
136080
3240
28
2
1685160
90
330
680400
552
4860
135864
520709184
8
896897365
1774080
8885430
18
6939
4529520
24000
2928744
20
50
68
19959210
1
660
2130
12
432541200
809855647
64
515916
3456
7569810
16276320
746788111
612
84456
103886872
81900
93312
1332240
100337328
675
810
4032
340134300
140090976
57942
20
9810
2
2513808
1369962
17920
100
12
1082300
1980
2
137453040
37800
216
1701864
1000
7392
15405
29232900
221931360
9855
11645388
2758779
7452
4186080
4
1080
9090900
45
12150
4860
11900
4
112
1620
821755740
25833132
329472
733325824
13889847
1944
180
53421120
73314387
5190
147420
334303200
92736
316032288
233682
538
13680
1608
9088200
33133938
5896260
306
26
20
24
6
7290
16848
167776000
198000
1105650
8
926958319
1442928
276900
85833000
4181760
16821
355149360
4
180
495759250
50443200
860807167
204
21266388
96
49536
108
1411425
700
291444804
466414447
33677280
8700
358344
2553120
33750
20
5522400
267580800
995801520
400
124560
2472
164
1066500
774
400
23430679
405
405
20223266
20563200
30
445536
92288
33124140
2
36936
61824
1256352
964719792
29484
165060
27
4
60
16
8
72
120
587728127
8
882
18
3830496
480
149580
13393440
15985998
96
32
336
50
10
114895680
2358720
361043647
4
867773340
7904
6
90723288
8580
1239040
276010560
128684160
650208
34358940
73611648
4
310205280
125
650
1040
46512
30
71
794124000
618718658
4486560
100
6249
53
203220
61824
21906450
585
484487251
28
493586682
17688
209088
806000
544440
13770
394620660
308932596
4140
80
255928680
20
200
320
8316
638316000
251078792
645
28
64757887
8604
8
68670180
123433344
258325200
237578239
13980120
8712360
36
1689120
57024
180
5405000
221940
224
6588
782208
20
44280
22605600
615216420
547936941
4320
1062684
48789000
180
19580220
9
6048
2880
1034880
84564
8
526900975
122105016
8
12
5
3
1
882693921
1
6000
155878992
2229584
549
60531825
12
279504
912
384
405
1188
121513952
612
12960
4608
151200
943745817
61748204
332746380
8100
3976
1296
755640
20400
49650
343659996
3434400
255
747592574
5472
96
2
30
792
775440
703193400
1445
6
440
30787560
33766800
36
2561550
180
555984
42997878
12
3739140
6
5940
162480000
2400
16560
240
78
272700
247860
384
455040
506250
276
279339134
8726440
4
96186000
962130579
15
157284
3
703343520
715145630
18
118800
122496192
351000
15024532
6390
95472
1
1491840
64
80
180
476421040
88338600
14544
43200
261120
6462
10601712
81
21321120
2362932
40701440
360
770289854
12
248989950
372101280
32
61200
36125567
3377280
91107423
1040
332110368
351332391
1277856
384
2650
1007156
6
414000
112560
6668760
160
1
182502
10
17388
19432
36720
2894400
648
4313250
12718530
2
249717247
1
4288
756
1
20
4
154824000
4
1260
2233440
33840
48
10080
56
4860
60
409032
630797788
3660
340
1836
69012
121500
160
170
1
17816
90720
808
1
6264
15
109551033
35424
625241186
6930000
34907184
42524424
1108530
1848000
288512
796392
50636750
12
2949246
6335280
2
130920882
60750000
596405822
283255200
66740040
54600
169441488
788472007
583389000
47611968
952940625
233089702
319910929
667800
888729600
10101240
170
69503616
475045270
718362
538272
632772000
828
20151936
486
739105920
9000
19629
91392
13500
18
31650
21896
1428960
108000
30215700
267583840
70200
2
2301
416115770
2840928
3
1201764
373140
6930
2
300
7348968
371712
142200
881
119556
600
126000
142320
16
1399680
40284
102
12
1647810
7764
18
4896
1170
117072
72
12
18
1080
441956790
993944894
214452
12
504
6192
888
910272
45
260304
6571962
108
8
16403508
6
3564
18
24
5075928
281070
1597860
24
592
3
528660
1
80640
504900000
390
187696
180900
4
177186240
3888
16690752
103890
240
3
4
216
40320
68850
28
18
3060
2127200
46725
42780
94919160
3056
983335609
359714977
476640
23217516
1227072
222
5187312
99979272
92619450
3
877822453
1596640
4220730
1
35757
120
2225232
16920
431375715
199133190
120
1
23828886
721516927
54
8
324
363203028
1
5184
536
11016000
5889348
46512
693556685
1
2193750
30
30492
659184717
944954329
72859500
552793406
739260
625
30
873120
416656
306
36
160
7047
853587000
182787840
847203404
76500
38444550
24
812835467
6450
597888
148
93906
4
146964376
336042
408
152487360
2141000
587865600
807206428
570821580
4292820
155232
855423180
125225647
560
48
134400
11250
1523520
80
13141440
107712
9468
17372848
28
185640
205044991
6240
147319200
2
28996110
14256
517590
10
761686235
1
300
112346080
33915084
403920
72
696218407
1461504
3614688
29988
73945814
25340980
22032
2
27506850
6
54
142153588
1208400
1
9
28350
325
4
756
30
53820
33534
4140
531573840
107424
26409600
28914048
196466688
361413552
643182688
9
33176790
249755160
2
3
2
299720952
234234364
4
4
3460770
18
8610
494760
5612736
10950000
8505000
36
540
5632
720
46332
300
213367500
433728
70992
556695090
888
14
4386
8
11283340
106657270
43056
6120
10362240
24
1176
27
128410941
5534928
342803901
156079108
870
179303670
51293088
1380
90
3603960
832
884511528
1142640
46434816
4
1500
263700
183571200
144
3
271147500
301364271
2
1569984
731448
8
170148384
60
414
59788800
108
2376
39566880
216
1080
4320
12
20166
47232
120424409
236973600
243000
30888
178104960
48
284462654
225288
578627280
24
177952
336000
32
23376
111624069
15975648
2956500
120225600
11439244
1
41256
5193216
48
4
269183130
48538248
1152
109242
10319400
4876200
660
882386385
164242842
4
103036444
1261440
6
3
42103152
90
1234
39750
3456
810751722
8410
1663392
162743040
1836
138456
486
485842517
123082260
14094
134484948
437558976
13968360
5755050
5998776
1
589388807
6432
185760
16
360
324
8
2127320
28800828
1
663000
3785340
5289
7828
2920860
18979920
602455200
4020
5644800
270
10092
152920
60
8
5395392
222953472
526320
2460600
6528000
4451760
35814240
17136
56765184
229188624
187740
360
10
13068
1
776814076
14291088
905414400
13338
32844
240
14822730
5400
337774080
922267129
65299140
19298417
1419
68224000
392111306
281678047
193680
420
116103974
24192
30
145201392
108
121176
250752000
10476
38654
12
24
118720
335328336
8844000
55800
15758910
29403
302112117
5486454
1296
4
50181768
424365480
54160
637466112
65332800
8
275580000
824729915
4770
2254014
424731261
679428
16207500
947700
2177640
129870
3732480
14443920
3326400
730542240
5760
2
87327504
620941392
584487056
587743228
234
1632918
60
426318141
8160
6
108
4
891089661
547363222
2430
173422080
887430794
714692597
10
1440
4
271898388
180
4
240
328635
40
567000
36
1620
168
615468
412128
3
72240
2
9500184
690500160
36
5750352
482944
6794172
8
5724
81298080
4
761571720
3107328
2966040
41310
14289210
6480
2
739000
124932445
4
2476800
242202225
108205200
1816
6
1188
957737664
8
8262
2340
13104354
382156544
2
56
801006696
886634719
144
1
104000
10
405
15173160
649880
4090176
126000
413509824
192
18
476370
363398
72167328
7642280
30
60
648
3256200
256077624
130620
267444
3
12474
725025768
225828
7413444
70943202
20
5
743398157
12
2255256
452249139
8856
668230936
612360
51473600
384282144
52
25272
112455
36
110242601
177480
5400
1712475
2538330
786283761
24377760
237806470
443655072
32
2464000
72374040
72
454720
173923228
798856447
60
88
18624
2700
901777507
108
4480
18
57339
18
72
541482
300
517731335
96
4
27
44058564
4
26889408
480
315178235
8197278
8
2
2304
528
17495040
60722794
10935
306075
20
286824
360
480
21120
2610
267669882
1
16
24686040
90576
58441716
88722015
10710
269548
6075
325102572
28482
2
39582
1
4200
137280
265455901
76974120
645381720
550338
712800
5760
6000
102204
365197461
92880
1350
189705007
418014308
18
38304
44352
29002080
133952
1680
57024
1224
654809547
864479424
398701087
625716
6
9792
74804362
17576
900
3179560
842400
381264
996415229
4428
64
28224
185886
555074392
11232
582486494
90
480
24376
5616
572000998
56073480
177595927
883926847
240768
9
194400
324
427255465
126000
66620475
9
1035
205331112
6
621
648
882289526
219236544
507133440
351000
2518848
1701972
145016162
187068
123653223
680
133027106
257
1
78883740
361960692
15
376762694
27837
106513650
96
8
6733800
9
1534950
102
8460
1
13440
6
5310720
192
42849920
47157525
4080
1
193443231
785410146
48
51105120
562783421
377890920
32360520
1
62323200
466342099
109952640
192
10260
1
135756
500
34389468
589042449
3168
796298614
805334400
36
263270080
549333000
124588800
7980000
341220
4176
83808
121440
111780
6990
1
30
11558016
13178640
687527294
36503712
27
1
248005800
20
17095860
212060
1278000
7245360
12
2904
871393904
192879792
4
583919584
194558490
3284928
5202
23246496
80
55080
919676160
7488
891002678
2
344029474
6
190402788
8
84240
761635163
36
108
331562736
947722022
234453120
499777200
5
923410431
10
19590000
239316480
947962954
107771551
6336
180588564
7040
180244991
225678780
40800
324
11072100
2
890734590
278208000
2
9840
266100
96
312192846
67858560
90
30
1200
135
1008
63360
1
16
10656
54
4590
1496500
59996988
19598280
2241
4032
651463760
629190014
121846275
18
356543099
2391840
448
617012892
45300
862464406
156
5898132
2442
657309173
8600640
350689585
528066
17010
363528
970779633
9340
3347325
2538
10890
15912
48
72
27
966162847
31392036
6
41
377869724
16524
1242
1188
23404440
26250
157262820
190307520
995652
3600
980496882
2
1
6670290
517245750
143578125
2464
2975364
480
5489640
468784
8748
876960
197676800
81
13278080
141048400
4
130946260
605807081
271200
385
40
4711150
48960
3
356332023
153
1120
5326200
124304080
6
205397915
396000
36600
25
111376512
251696871
284760
2091600
658390408
724839238
63279444
26244
100
29654800
48
45193716
6
86387256
83453407
48
247888584
4
9477
4752
11407392
186648
860831955
862514547
1354392
7200000
10286256
1
1642680
4117620
116195310
792895485
25117566
21357630
96338016
64
10
432181129
3280
18
480
1
38700
54
319536
144
175250
250387200
12623040
91800
647305341
108740808
1
6
38454000
390
66458304
423
98524596
2160
593447689
1306368
457470
550528
25920
1560
343170
3
65426400
6
5724
19090296
393
50400
64270917
3744
52617060
814
144
10
141
10
707265044
645118830
42182640
972289407
700
13005000
70200
15
4
14544
20100
82105920
810636494
46015480
4391172
994597444
6
810
34820029
24
105680064
275439528
198000
925344
86100480
232650000
752811892
7103550
21108
4946160
1613700
60
331371151
13752
107979543
574560
1392
12
1053360
4764000
886131755
50
12464
456900228
27540
560040
5224
20
516989437
135997005
42120000
2
26280
20
10368
11664
44529796
9216
153216
74036304
8284032
840
712308486
8017968
12
54
897223507
163247535
1076
2
21318
470863451
48
13728
10
530
58128
678664094
544599407
459
204
58735
37908
37516050
60
322817400
144
494040690
105250
126783614
30
245760
778944
717452640
240
246
3375
717235270
24724800
265
553518
3
869744927
68
545903497
917616352
191408508
80080
503614800
12268320
1452
177038253
24
717795460
19940
942100441
595233607
27504360
24944304
16992768
3302208
465377117
14144
3375
29163750
102489300
171028600
616028947
14832
33264
657072
1004808
90
276419339
288
10
1673055
3400
12000
11553420
712645103
11290752
40576416
8269344
10356840
133808436
601344
362041683
54
1614006
187294932
538861932
3451
4
758922990
924435764
56348064
856544374
426717681
471637598
847254974
10
30
66027150
14766624
458604438
8
301265568
2
97284123
184920
360
7884864
141120
12564
450
525071166
529070596
1500576
10
15
3273030
30
2
180
46
1176
180
531409846
741895178
3270834
47377008
5486784
81
6385600
2588040
17415
32
780
12
40
2579232
671163860
141
681651008
12613568
144
2
16
1
1227320
65253240
158208375
378708029
812550352
11730600
722350600
3183936
450
100411135
31809960
17568
3195048
528
845853186
167747821
1357560
307923367
851829190
729
360
260640
4665600
1125900
47304
624
356064600
360
300
600
64
200840640
6
421945395
59459400
509969746
3
2772
505547033
191284800
1356030
38880
3
43796252
108
684214938
432
1426
96
48
360
25
1
204300
54
44838
102
35378460
1
27216
640691294
360
8
4
112
12899736
820950444
2160
1
260321850
3
162
807421782
8164800
8
108
501591513
26568
324000
547409196
24640
22711458
6390
444426117
1260
575116347
445515840
1883700
970140492
1965024
16
436794600
50
757120
700501793
1463616
23712480
3240
54
8
43050
279600
311850
10131885
18144
17856
9
1800
1003230
16620
27
792377887
506088
19234908
36
267604043
6552
16218
842641632
446364373
121708423
14700000
144
184704
9
207356894
896
40
401663520
18
2245320
5832
72
17729760
640
426
43050
670950
22680
744283119
548937000
533438705
120
1047600
7210944
4
510
987985931
735023748
153972810
14
157599518
488412554
445949006
969044191
38688256
554505501
112154005
165240
659995680
545349105
1152
1
590257220
3377853
671436627
655590
1361460
394702375
142218123
3
37476432
8712
2
96
285667840
30
5152
10080
115416
3484776
223200
816
270
63667296
40
54
502404874
2
6
340
177120
324
314390160
1285470
4388400
22120
660
504
1
146315664
980196634
17484942
20
62971349
302353842
1184
147879946
1422
919350
80
556416
50
18
10
11661600
679777118
36450
94824768
287232
632886522
92808845
2213676
648
98613588
14688
347444816
701479086
643725423
450957635
27216
262
3480
596
10890
2
112
24816
348912
56
1198800
42575400
800
208705551
157698655
3900960
126640260
1283976
180
883920062
9
271865976
756802981
124966800
2
4032
442
5
56
93244149
360
389232000
135
26712
54675
27216
2612736
403848011
3494400
84579392
190000
68
4
4872
30
47520
63505255
11707740
544388
207
402059483
102
104039376
10
672
10500
2
279000
912888977
552
1
48600
3661632
756
156600
681125470
371533044
1728
254298939
140
628559900
211245822
462780
42263480
790938
904728296
12
1080
408
665043904
1350
175279327
21821940
217232282
544334036
234
864
464961265
3646944
901401343
4
373625709
10
47825316
74866113
486298842
946681842
1
425595
16
963123672
174600
4
6375
518269694
3
3690
356166720
4121280
393873219
601408998
312
12984300
850894319
4782148
4
1278
672
2612250
362483804
480
465186335
515176
24
7182000
739021002
849977550
19362
12
489540974
311528389
24165036
16584000
400848
550017
51295950
300
7605
847842960
288
784570551
20
1
30096000
567673920
371871648
905047852
139536
127841977
18
711594518
2685116
7452
8
34257960
385657830
1
4316448
420
830726040
1224720
242710012
237853532
56
288
543197331
6
252
2
369350040
1
270597374
382245534
33600
147168
493764681
408111966
8568
811689854
457380
50231304
18
678440060
604142140
126699300
14256
612905933
951272790
719878046
27
5
17
6
20
73347120
540463964
209741009
5520
152966016
604567966
978482939
127814502
670055400
118240
2
486
527104911
831093153
528
1496880
851107672
61866
399852115
30472
2385
2828000
20
662200588
11350800
80685
399368522
331427871
800533400
1840
4
80784
569528623
2480400
9736000
531092850
41275386
48
46053000
734906012
59640240
1051776
94
480
465120
428007906
336
49368000
11806701
367541301
477007920
124348800
138749253
28560
817471711
799236399
141124480
456790032
385560
9
6697080
1920
31334400
16
1
2592
12836880
5552064
197825472
48
51840
521173714
18
15
4254480
307512821
4
1836
52134240
920716758
794375586
1458
202366632
18
667372971
272858778
8860368
629172988
29436556
583644441
366898190
254690976
145962
184459329
954720
78
377861625
58565
754986848
3120
8
1
1474200
90006840
857188800
82800
27
24649105
12000720
70484040
8905302
294949932
10810368
50
108
80352
12421344
148814496
15151198
234301490
621
27
169139275
469980000
3680
641763265
13068
974624318
4945416
705538304
60
221136
615037532
810
68
687543923
2223081
2344896
641585050
9120
18225
173926080
2713500
13608
143872
498960
18
5
481956485
463678833
181628614
174081600
652351736
2
1
1143648
1
36
33048
2756
373336320
521952179
3525
273762049
920
52800
149680872
9
247505515
681156408
6
777612852
16360
60900
440839157
14688
513712785
144
612
5184
4
3510
6
393828156
2364
594425962
651458520
178788582
29304
435754870
4000
42840
13664
16
4346496
765212879
723721672
1
5365440
13781152
38051200
1
819230732
538185805
561129660
261120
486
934193405
782762594
589635561
375166293
840
1
2
13050
498344442
528
1143180
288
928
16727040
125030315
747510145
2091
4445584
951210000
600
230835100
464100
109350
3516
27
1160
1836
172002423
4028544
817121293
5670
4
766990393
5400
491400000
1608390
8640
246231439
2970
16200
30
120
518266344
873888397
53281310
906141600
360
746704444
5418000
45936
11284920
189624773
355245184
29700
3280
868784736
82080
570741892
2800
66930
53710
946933750
23220
44225298
533076480
915081624
12
27
1200416
12
184637790
740362190
836705531
4
816
2
123000
965276918
575640
655264890
4030992
99041184
36800
21322
112150189
14421760
3024
1192968
208656
16155
167994
35530092
394272316
424755769
8100
2940
109816989
685431965
60
819416
7944660
1
60
4347
276
76160
48
20
2
1368048
552116216
234911375
609451920
5
704
221275
6
4
179651034
474616800
517644959
697173704
5
75776
2
269574293
3
289107091
350
1454112
138720
636
36450
216
2240
333148663
4
216
2
134656685
32130
1440
24
56
7776
825551826
3771
80136
6
78716448
21150
34800
820160
3278880
620784
1836
1040
1029996
56160
934429813
2847216
459872529
1156752
154923655
486063999
27960
28512
72506240
917637979
297862110
37908
1904
966654
784942488
12970524
458077935
30
98365237
317659500
99630
2050
423430795
130269247
484718300
353155249
360
78
5328990
25758
25613280
8120
59580
145095813
857836447
669535395
947338564
7200
12
50544
21486960
283096636
24192
11790603
109650
288
69888
120
12157646
15
544698
1561950
149783124
631352996
722727863
210818880
300
540282262
1072
978532545
2184
975514515
990690347
5
90
604800
180
684980490
333293504
31104
4965948
32
349137735
428090513
240
194505697
13035150
295650
9936
90
756614548
216
606547011
1
969408
104936832
428582952
19164320
838670577
346405992
223011471
54
460080
43631520
1
548275334
521177287
316664185
11180736
88
15530
35586936
96
24
698713033
5481918
4820952
554028984
5397450
39240
6
128030995
9
15552
153571950
421344
41640480
34
96
258925214
308614864
29536320
2598804
20448
913680
492214936
16506864
2700
36
374064624
143136
302747647
79408517
321221053
56700
834517812
225288997
181854832
377754091
12
225292023
25591677
425126232
1
143207294
3
180
86913
2952000
348035940
24
261833727
60
482564437
160
37497600
1215
7479000
68
48
4968
5223492
149118188
4957200
12576
16416
215765046
204
1088
4800
45914680
1784640
648
2295
650753682
89714
170133600
51105264
434257651
538083000
309056767
116960
1617597
4
352531267
54
662975280
390613300
538624889
11250
268722907
471176941
3776832
8
796160029
846904640
239878687
31833
36859860
896383676
26082
339595974
500
42840
288
18288
18215
71400
44808595
1350
489844596
91081746
415520
4140
504
1
2
205330950
720546354
8137584
1200
72
480
7521804
10532106
10980
570842528
522783290
1620
162
6
269742438
648
15000
309241800
40365
19320
242404660
429591801
4907477
360
20076852
630703231
321375600
84
256800
305923289
7800
7047
8823168
796116827
7260
870756667
18
541156085
61880
1020
560649247
3960
99144
104688456
70
620104495
48074436
960
8149248
121662
7698240
724722552
60
449905387
4
48550656
8
3282
213967183
204236640
108623200
34
5559680
156022434
3888
644615163
563933293
739100359
3483000
318382821
235067867
45341856
25275776
228360329
20244244
2
735878846
501120
1548750
2
637744602
54414
919669297
1
81631647
997050
547113598
935036334
61404
142080
45
18445557
300
2
11070
757726016
621
159840
7872
654930049
272
411965718
608
263799571
859829264
60
5548800
10626
210219952
11939400
72510
986880
884510603
696
2
3
12933040
170952
167016816
443005567
41736384
1390608
1
5668800
883212381
4
135
20
164475360
92507735
488704254
2538
306
726702056
616
514346412
46569600
943965058
8193960
244605659
3201120
583179451
763209458
568784003
617782211
462
32
14436387
5061120
106691487
30
207206877
780
41000904
167690514
202833221
66558607
992354389
697364661
18572904
19926
2
36
561203138
504739200
13329360
1
7170
150
89468712
31523022
4
30
996298235
410874689
268920
2
1080
17784
82
799283272
637283126
25887600
266418
405849006
308598811
1639440
624674517
788904
4924800
270672120
32882760
162038432
5017950
180
40684680
473731303
824371042
1080
622894625
283344297
274871232
974139657
1397760
3554496
2000000
385503453
285049552
951833128
421859619
808042813
398263528
34720088
537008781
567129600
898114811
465913245
188768267
255867723
576548608
261951487
403583129
276643835
59851440
218760397
854486688
68017224
13413600
17008
7308
8058
2940
696177888
203840
141991123
454097774
9882
1740
1769000
804559267
1886976
10000
139104
452273226
623299951
575954933
2
126053961
123823537
145
9600
520639609
10902000
6539904
634699632
520
107753626
973172921
90080
102939681
15486540
540
1
137079315
757233304
4960032
659658957
90
159451873
731511216
255
519777491
960294649
370200750
427350
11880
1004292
2035980
120380442
9
373829761
56
565633800
305504704
627212595
893018236
620374879
663473700
33282
470448
1086336
848443826
12
412333157
28618128
2916
871198941
3848436
9720
728742795
25742592
1152
1350
541164457
4
572725571
264384
392057847
204
216216
950488386
5184
1456420
39192
14353500
780192
197475167
146880
768653332
25704
130500
19872000
3
46009656
59858190
2241
266167770
78900
27
1
350863895
40754880
144768000
47718720
179766540
462834006
3993300
48600000
1
434
527467050
605870521
7072
1587600
202125240
992861498
590085583
10
15138
408079547
261
265510276
123741623
751657360
695123582
12
423752
758676503
529920
2002560
168
918968932
614659907
485215901
42229836
174489313
333239040
822126115
453847579
35215639
700930513
1199050
735427064
56700
12
525120
7464960
77861461
782616205
28560000
21435408
357342214
282
543063192
36
30528
6
8
10000
416
6
383616
7799022
633159014
2
261750
756174962
23650941
1209600
79917354
476928
597433307
691401636
60175021
869570145
421221184
14
267305421
3251136
13956974
4
20817
409248000
936960
42
486540
779051167
126666
201384872
16
165240
48
846727424
8388
816579734
510300
864735298
116586923
765080740
223992
3570
5346
216
317372911
6
20587360
165250901
7344000
757700039
48
783500751
3711420
273636
36
1122400
115043004
344217598
256803550
61254
913663473
79692
696330415
283392
298573999
802008
8
7128
335533575
24
151800386
861044451
36531
393972121
276096
524
129120480
9680
7176
1
158618750
8
180
184
352841662
1750410
109375488
463343529
279500
28
504920135
286573166
499175929
3825696
28746900
2184
390517475
654053943
24
189216
931569390
447639038
891
685605529
3396600
103664987
805156200
2
16
20
1615350
219551472
540
513446607
8724672
388222875
755892
1206900
621035514
14960640
16
335288964
754837941
30
814577090
30987616
28861688
12
80
5
93798395
877595199
534091681
39396
293472
54
941207510
197592
655966411
1530
404305896
946318597
5
852462695
35376768
412176218
777362386
14352
21112
491540403
737875008
45952111
1638
984008456
273932107
227321640
267609742
1363176
529052923
2376
63108
423684899
866881198
25725280
24786
13815360
168437400
845074944
6
163137688
568555878
287163072
1845
777600
83538000
782889548
252323626
978984943
438115500
59935680
6120
982277180
912643053
716451330
384129441
501840
42252
150
6210
811399680
816736399
480
6
55433160
640914002
660860455
47678199
685844544
50696243
342803021
27187230
77280
16632
167790
20711100
160
96
396253084
34435258
235901335
1
498
77520
843168558
31950
806517358
856509070
217338361
579830130
3
734280409
105039360
283951945
360348426
545947482
957068541
27086400
27388986
368244728
461245362
419200504
466979744
725112
660947998
331592550
473209744
162
1
784048071
550199493
3735504
48
16
31756012
57437568
568306743
319860
621830092
724371951
230531780
79674856
158301360
1412208
39646588
1856
1982094
224624298
168
34
5890500
721269531
503609313
1
86192506
393408
4
72195050
249046997
164016
824234484
13219776
933092286
2129760
12
183600
209961093
913298349
228651912
216
3532032
959664564
56858760
755082582
892802775
13140
22887360
25
416054880
10
259750070
8
273220364
257742437
445163682
880496917
4840452
155596192
700843246
320
726589270
796840742
914627188
4843800
802909153
214665
20
326136942
176496052
35145341
694686096
250
46632708
462945882
90
1631460
2
404495071
658422528
33240
3894156
86994619
875899494
1296
512916739
338510701
607362097
604471296
3552
89856
522071760
72
647874891
96
1123200
59948548
2520
119340
1
1
597611537
644160
4
805838499
50
249
120
26395200
482902729
95341636
235302350
270952235
964360061
34
49378334
9000
973986859
24
2133600
818376882
809155935
978081345
1207224
867688217
78
272518248
1
807736354
2
6750216
52164000
18360
46730305
636448249
636610749
755660519
294143598
425270620
2
62355744
1675044
10699920
995328
12420096
403424869
168
10844604
243
1
931217528
179651472
80368200
2
1120
57766781
4888422
532209844
470779116
27864
272867275
223545186
125518147
798288053
29184
735816564
2
1500
964832350
764781710
19590161
84933766
9
841426450
1
104349070
494006456
111480
277080893
144
37171679
273405077
153019368
48
489600
20112300
2400
115200
36
367958202
96
108528000
207676039
162
14938020
251696318
58500
174258708
50859
1170
992148946
994353727
72
2474280
24
169113960
2
346262165
651323195
119825869
606556735
12393
160
1094715
952601098
24004288
1566
881532126
93960
930707240
395639730
312
82071545
200
941953977
1216914
831751869
16887744
234568324
9
40
6464880
7474560
466068040
886989661
53887729
85824
313488000
240
3384
63163488
486576
92602060
27225372
1039076
15
47784200
11424
2982
386569054
75539581
264395093
112
70969536
30996
164230721
1620
13260
3747072
8
18612
52650
11133180
595632007
703300435
8
15
203567520
54
4
26336436
46261753
838442621
317585130
912242314
155133434
981490378
11730
94
3097857
855071593
44185734
25884
45
534307200
21750
493130194
235135073
272966481
283668711
278830877
23453136
756623433
18954
238650877
8564832
12946050
2243520
1273776
3776544
939383805
256912207
88551751
159408
154616
756822984
496064
2400
58050
164250702
68
2552256
247086840
23026080
731760624
111798
928347986
105840
903397603
17111480
771120
33930
320530888
71820
599673710
904616538
86020
974251200
4
8
283320583
34344
393860713
460226842
510706607
104592180
2
889878340
910241361
815492703
2568
621429119
2
424891658
7678800
18
4
948016612
1225224
1270920
73920
2745
1
597642768
387205597
412142797
985041001
464980500
911850569
131610
759780
21945816
109685169
1
176903376
587762167
880
15120000
402330089
1
2610
676787983
446304148
17781120
3553
116855806
54
352784
600803936
100
40759950
276358025
78874512
1296
210296928
18
190081782
412125775
156
372117076
730217675
9180
354695856
25875
3431110
326447366
1244
692116162
326270873
354080065
718168374
10
90
513655167
983696906
1007964
564265425
1836
457428220
220199781
984129517
592132995
848639075
10090080
1930
171324794
79200
73509632
501722670
22910400
415236807
22824778
117
209666420
373271496
158437241
40
2
159768031
612
1620
987694908
123689820
5122848
1
315564984
63317068
45
617977101
579851055
130
510
794873337
125776094
898993800
720
537257479
105987000
14400
5133483
150
253228402
34781184
1989684
199624997
666481268
57386667
20142
8
928800
598657065
364034624
20
205056
833907254
836729990
1024140
872757247
50
562388774
1978704
691997884
313470560
3639234
947328322
856228269
7481664
460900223
463987185
16
889339485
18615744
162
6143040
554553216
11178
856188
24215760
639936
149156196
648000
254850033
2
20000
522798669
48874800
2
1084740
745019647
1400
744123967
150552
665297222
4536
954707844
837648677
659509055
702
257957784
7189890
2245120
2
144531
853273816
4140
859392655
72240
963221755
273603047
837957628
10920
760802534
307693380
507997279
933349211
764862342
71888789
3864
177660
319999902
17472
1
229195881
6243972
602318027
6012
6
360
1861200
307283839
6
1863
152020649
983646731
669940767
833271222
108
265766857
741072669
913310979
846
133167981
13273050
16039480
906455488
770790352
182738757
266222109
512503716
507197051
243188521
665184
294821091
89925006
816032516
823979802
781657202
694684075
253879364
124282029
1440
56929688
1296
235270208
621787819
40
2875178
556016884
2
213899398
6
432703571
907663640
11820
1
192
104832
344073374
21697979
1
2720
272160
23328
399133311
14419620
17920
592573931
321082526
792576682
463861751
897308429
475048734
811724021
430233106
166648922
120
285936631
1278
730420407
896848289
76170240
60
364218141
12777030
60
2250
508425210
129762
11518584
2
589122778
8698560
42120
842734358
705801570
741924163
789801790
360047281
519594624
2880
604039559
324332120
16500
965080710
67200
34191253
1296
175588047
16
732996024
538110618
209000
640270663
140
1
35728
177005644
530218239
46
12225330
18
240
2893860
6
27259151
81831879
1460760
7610112
4324320
497965886
9935820
652588800
29745000
48
960474610
96444
11880
1523166
397541295
2
88392780
552820109
1000
245675430
837947678
3313362
9180
941889453
547039324
559108670
27
2100
320
42
36000
32
832822549
409478270
1
580346310
4104
3372
90
997606832
3936
861771909
7751568
2
53746917
963026334
428132569
626220
2718
966776979
750554352
781689766
94594500
1
861337074
180
102347944
24
968379490
2
126044349
1800
54
8322265
1439424
60
369239154
36
86596481
121536
21661571
3520
36
945988000
123560568
12277440
255822336
355968
1
81
585405460
36
5059200
1
1595664
4992
258402953
108
6
675
271459188
524917525
4
6912
11615238
51604642
26735730
270
1
422289942
280883837
37125
27
788587100
201242340
347580288
706465351
8089146
624
690579827
973225978
194773815
1360800
2478600
144113566
36
32035200
767238972
574937785
528878678
268663824
864
192
89596591
755381712
17003520
198988941
772579374
640
68207750
145632
400420447
746884094
561850538
566714529
34662240
272003995
5310
2556
67284
134727487
694926
558823039
434756379
754625915
954562951
2916
369789158
2998800
617722242
3536
413695447
226863000
35550305
101586368
86851817
272400642
2060
548
380764764
390662146
92445381
860243819
609455296
208534794
797710178
81996
196020
486
56
5850
1800
94456958
810588034
616050226
811308960
137025
130
1068120
211731882
472327275
802034402
259970068
85556401
47423082
1999200
750625237
172363632
72
100197870
5346
338669607
382028293
469174102
386449529
350356074
16008
219925455
7634088
83438107
4
924867259
45451800
341529794
92424160
1305
471406712
379275723
556301273
10800
2456800
975158343
26854847
450524725
888408
555894782
820
258420261
5481
730862352
108
778755961
30776760
482782431
7032960
553955445
1280
946753716
728470260
567130570
677729089
247467906
233312711
902250157
963463777
89395075
288420273
257325120
689310
692871504
499831546
795872554
327070313
4
750672581
4093500
2258118
15
509444269
516018577
215661196
97643184
13047102
726604635
794134781
239332114
88020653
594327474
50
293316510
688500
116100
718265154
215374743
24240
2
929368341
311182560
4138320
199670999
157757197
256516123
453896054
627954348
15328764
543190238
552047097
732878664
450
583848
299373290
902016
453816
1
1006668
1
725085
158785699
870809972
142094562
16800
7800
46334936
630785232
728310574
72402498
5220
864
694606478
26568
505567846
484120799
199728848
1313400
27300
144
27073530
150
217643662
1915110
372286928
424252571
16
251683526
78212497
34608
715461523
2206305
922989429
244510675
633194076
294339755
826927170
234636344
1279680
525341232
235774664
2
300166560
103540928
10512
2430
857882872
1080
19820304
426096871
19740
953588089
30
2
144
565492113
537359342
1
716380849
3
621484543
1863
537736320
106272
1
909374164
143681100
40
27099240
96120
10333440
183777500
438562517
994306668
500216520
62768596
57793792
170722668
991361551
33022975
434081652
653020796
919294800
12096
11477376
906017734
118349210
90075531
127764000
645050406
373901616
492
268718614
5460
113597040
11870280
605690729
656014952
630
1712256
38880
36872
6
152323200
148238294
1560
781585648
928594627
756292114
5976
96
450
7104164
848446200
229463488
66816
682693581
740827637
506520
107393040
705908808
58155636
960884186
629086048
44
74740
154096094
8748
180
40
179857639
440596602
561520429
580598211
139188320
160102025
157388719
115200
410654100
5740
978377075
391350160
408
116822060
7175700
341570308
817147500
575440602
973671813
114422593
910772707
300
6
144599467
3000
1192835
36719863
182898651
115370692
733092328
51968
916249363
1
27801682
12078
718530382
17572898
477377611
669356640
1640
774440940
26556
129577042
8
290204978
394166045
156036255
46205367
68499322
428066856
18850
132459760
524693861
1784484
592639488
500004
920840041
90590629
583296418
775438651
1
253304782
5508
550489692
430221686
962733935
124871450
836515670
530190000
453330
567136653
72
969967872
13195890
123334205
16551458
215276673
250645260
256861687
144446128
355934799
806433187
1615020
2740
99815652
12
760380175
821481567
216
1
288
262440
944029057
868503152
6
471953496
32460
714398072
686615833
960917880
442345362
71820
3672
882052445
5160
696726820
70181691
1
750603440
183197750
301695528
442062571
665428900
24
56
264828000
963665932
171117209
695649285
2
827941724
452298889
6
602777060
360
13268
117808582
110548536
684656984
170328314
194813075
370226690
28630047
120398689
45
850923368
190313761
113358708
781670504
659337313
615205679
968919898
828897213
900680851
20
783567931
773575183
412979676
454378972
972481764
752837580
815897024
864
81549720
170573459
244567586
199616347
845619374
1720188
8
760546618
257739370
882485173
264716034
291846379
2
330989565
498999175
551253881
524338787
3
482434686
105300
611222302
338118983
648721658
622897100
15514200
126226802
280282781
11149512
443596191
746684840
426989048
847945861
451728659
710171032
961622275
860742128
72
666123374
492
96119294
338098381
871484508
35641512
199607297
929029953
546805245
47520000
80162142
544986960
6732
216209941
11929109
548112984
406356656
167400
955252681
44
72700
901462156
413708068
736196609
556713
749958845
20
30
12480
11305152
228
657291882
337270029
629356080
248257791
2760
8820
724795805
1241946
413767499
430650458
841588525
72
657000
195389944
358245298
25985383
465243931
13260
52243488
1260896
673568937
265492979
765924163
778792342
81185302
34462608
524649647
20
224661193
497372940
94392
4
2
194762746
1
738269500
2796
433310022
937875520
272932286
141057388
301047031
727530663
2
4155030
2813520
167514784
14220
864
113494281
780192
32832
18033288
343610849
1467
919715082
20507715
496005120
177408
953817283
6
281358591
632754110
729059543
67680276
130936960
510
523765093
537524057
4838400
4
84
247010946
292532407
188142367
270
10985040
48
380201933
854650087
509719912
680059720
803729155
468091331
978171896
782349135
58165884
9936
665042525
835519235
13337581
79503321
294094123
402426968
4631400
117712503
439499700
220105184
15960
207422821
443239173
13161060
284
950259658
260446520
22037559
4
102160987
29261445
10
206860964
316098887
769365386
14
8
1059894
310004045
607704500
9
17
144
104825776
579977506
769062439
1299
177141784
624457713
882406580
176
171043056
385274921
774175134
370542767
415798448
48
812507991
45212800
987694916
848597788
461504029
8108772
17183988
229338053
990485984
1615680
916906325
36071009
399576959
805555193
232240501
314280
540
286712682
943256323
266272272
421311216
237182593
616319141
260777378
195177174
57717342
19296677
699338057
951381549
21281280
770870449
312827552
456562337
25920
364132376
212204965
100330294
691090846
5400
970817387
250875545
9
405
58582062
407602877
707077569
72604277
73245293
248057041
703404210
562156755
629528402
442056624
864948382
381253772
7392
1260
19804600
650028093
270687326
534242155
94759537
655635101
864156128
81202176
130758894
959422464
2349
7872
594133502
367829287
12006
48
837986038
810298491
367085532
470286957
283909937
940805585
312739374
159513832
281178786
310904680
280192327
12
901381495
62796857
2452032
405
810705943
1
328177166
28023600
815748263
994208596
952247732
5318400
716814095
852962947
279294335
108424926
11515992
403410476
639528846
737487036
78863599
904805205
12462228
294373629
556914587
487355026
13525380
370007193
951478672
6
754397587
822321448
590871716
2
91903461
381845133
88363953
10465305
508152231
239951321
151622340
37764480
1944
165937178
1612200
971525147
160001389
314652642
12048
873570129
324
24
346760631
597030365
4224
227477912
750631306
497565588
729508256
190765476
55776
980482422
829188264
2160
978275993
15185700
25954119
53256960
756725131
24500
547915325
41559840
69042917
605383111
578272896
36
891270819
993604199
339003388
578187758
6296885
27831258
898681894
674272334
263676384
210307814
588394338
376450622
861920958
60218728
1476
920024560
1253880
2
1080
913250320
100222922
145476509
670218617
414726407
5280
50331354
209225396
117772964
364323976
39852
571136222
4
4
44284710
94770
758992948
11016
557853520
774910547
293684713
62838532
2
784687265
463690838
139804826
721024790
4
9792
1904
326574776
174663952
388471383
413276533
16
751092603
4536
885651247
972595807
478877839
461804890
212353893
540
257939884
169236
224794800
1620
347607581
348136925
401497653
47700
27859132
978494966
813664728
830715520
60
9
528645086
2
299258174
136693070
16607334
101288
6
1536024
191118125
996422903
934404859
703038939
485374589
750360960
714251130
12733200
8
599376927
445764113
462211727
160
657960818
133893322
787592769
666008498
5351872
637583496
764487348
101554000
622250808
724603718
257176089
661555573
949565912
18
895147818
609878040
997084204
855879436
95054192
996601979
522589902
2472
1
270229481
872049139
525813306
341105332
973498547
229460687
897995984
576433738
301858442
36180
751041034
230832217
780611380
37985620
905840691
2532200
18258240
9276772
607377966
786505825
69585952
826739276
4425480
627211536
741409991
523485897
363169770
53780240
9865260
556156869
2
911205952
925257776
21054924
150
66767242
446949946
810299424
844111118
726691489
695571538
756997502
3287424
2099150
280570125
47073
29070656
505240
349001731
271584000
167363000
726002510
958210336
474727929
97416186
148091456
634767336
224687387
632741725
692583777
992568309
821986413
909575251
641023574
668736
36
477805601
15428
1428
990639158
725024741
995453448
193781808
649846439
269029339
765277505
300
8366215
697437706
172763217
330691994
2
399869432
515451198
775879571
187570346
254242421
808256499
715530585
297826580
118212018
571395077
101177424
829831516
525532053
4
655129395
647283995
7380
804489470
953258753
534918477
54321927
884856865
89519543
470105049
419594807
509413692
124036443
179825529
680286382
866938720
4
7173200
1392
35522350
2432
932908729
260566889
201669688
174625009
587866477
144636319
717522470
360033727
643269103
60
832
12573412
340907338
25876927
625493108
610506640
665005621
104303739
963492089
84107109
14880
5994
360
414990
892640855
557597778
602163904
819478336
703311016
416156031
954261
371366009
37704760
111971995
273744
808582709
827805492
733134267
8
506775990
915548961
654519366
889462095
141642511
397405354
737986585
407468967
855397558
806171037
427069672
496475222
673007839
622178925
499766239
41466375
91584
868738949
180
40797900
42674234
7220988
284817045
499674323
450
734553246
965162961
956773927
975962135
415021808
176
227386228
574782821
2
3120
267677627
893466978
106426737
421021642
434914156
795538330
354993821
192240393
7555599
30
120
379208795
877721139
694902223
6850008
513993016
489809107
300891175
122291126
827082579
33389612
825060138
706097841
549874201
935432460
331023325
977492407
897868260
806524747
1099575
880641852
16386300
602227957
748221824
133159648
1105
826976308
219930396
764680985
871765427
265941181
693217127
334417606
126929235
133091554
353989594
163916822
183633923
614629389
203711590
88156329
1944
772215527
102750280
614042171
966938680
703226149
100691562
243777960
1181160
442109519
237944531
342729475
241997939
26023986
744688622
480574468
936437613
823499500
626409872
9891616
956355057
241865773
263203810
700611676
912110393
65515417
297238038
906017706
5601840
14182440
482594383
473475016
159738480
143809250
1002432
568150264
841465063
893066493
967611988
179228200
156644193
134284783
24
633484118
670220265
10128
424099628
617785013
864
925081167
232492637
307550648
168552550
743010227
551605478
283623198
484069759
605289320
63704160
782062221
942281418
330550
289259165
693443321
45607965
69556164
474728959
870233266
400343449
2592
395291659
292396328
455139521
360693342
112443636
33281906
211806298
664301078
12
46774362
343108083
201458928
84
940096183
775787612
524742882
319076886
383337198
529611539
134195500
121740990
623785426
322558042
651699842
854631898
929880902
375136260
72013217
513833575
128965669
197510954
352730037
19152056
3086586
110549780
928911144
506896985
836178104
735410807
229121672
597232290
396594859
42058151
639089027
158446425
988132622
26795777
177282425
447344703
120994022
3060
626536549
192404729
604313571
969541331
799232274
2
632458479
456773218
302643037
559398951
978487325
81973934
84375
233953351
895218759
125689984
55015022
599365640
227902940
591994197
470973892
900322501
747338776
554618680
900363860
261415275
351774326
749250848
112458206
953638583
447906254
70058190
22860
745461390
233631405
937276725
891304556
131082786
665015933
675804493
15625405
987375350
852982652
469986393
361876673
413436413
141470841
147155087
634833423
24419794
825024658
699334432
146067931
